0.000000	0.450000	0.000000	69.000000	80.000000	0.000000	0.164634
0.000000	0.450000	0.000000	73.000000	80.000000	0.000000	0.164634
0.500000	0.450000	0.000000	62.000000	80.000000	0.182926	0.164634
1.000000	0.450000	0.000000	64.000000	80.000000	0.365853	0.164634
1.000000	0.450000	0.000000	69.000000	80.000000	0.365853	0.164634
1.500000	0.450000	0.000000	62.000000	80.000000	0.548779	0.164634
2.000000	0.450000	0.000000	69.000000	80.000000	0.731706	0.164634
2.000000	0.450000	0.000000	76.000000	80.000000	0.731706	0.164634
2.500000	0.450000	0.000000	62.000000	80.000000	0.914632	0.164634
3.000000	0.450000	0.000000	64.000000	80.000000	1.097559	0.164634
3.000000	0.450000	0.000000	69.000000	80.000000	1.097559	0.164634
3.500000	0.450000	0.000000	62.000000	80.000000	1.280485	0.164634
4.000000	0.450000	0.000000	69.000000	80.000000	1.463412	0.164634
4.000000	0.450000	0.000000	73.000000	80.000000	1.463412	0.164634
4.500000	0.450000	0.000000	62.000000	80.000000	1.646338	0.164634
5.000000	0.450000	0.000000	64.000000	80.000000	1.829265	0.164634
5.000000	0.450000	0.000000	69.000000	80.000000	1.829265	0.164634
5.500000	0.450000	0.000000	62.000000	80.000000	2.012191	0.164634
6.000000	0.450000	0.000000	69.000000	80.000000	2.195118	0.164634
6.000000	0.450000	0.000000	76.000000	80.000000	2.195118	0.164634
6.500000	0.450000	0.000000	62.000000	80.000000	2.378044	0.164634
7.000000	0.450000	0.000000	64.000000	80.000000	2.560971	0.164634
7.000000	0.450000	0.000000	69.000000	80.000000	2.560971	0.164634
7.500000	0.450000	0.000000	62.000000	80.000000	2.743897	0.164634
8.000000	0.450000	0.000000	69.000000	80.000000	2.926824	0.164634
8.000000	0.450000	0.000000	73.000000	80.000000	2.926824	0.164634
8.500000	0.450000	0.000000	62.000000	80.000000	3.109750	0.164634
9.000000	0.450000	0.000000	64.000000	80.000000	3.292677	0.164634
9.000000	0.450000	0.000000	69.000000	80.000000	3.292677	0.164634
9.500000	0.450000	0.000000	62.000000	80.000000	3.475603	0.164634
10.000000	0.450000	0.000000	69.000000	80.000000	3.658530	0.164634
10.000000	0.450000	0.000000	76.000000	80.000000	3.658530	0.164634
10.500000	0.450000	0.000000	62.000000	80.000000	3.841456	0.164634
11.000000	0.450000	0.000000	64.000000	80.000000	4.024383	0.164634
11.000000	0.450000	0.000000	69.000000	80.000000	4.024383	0.164634
11.500000	0.450000	0.000000	62.000000	80.000000	4.207309	0.164634
12.000000	0.900000	0.000000	85.000000	80.000000	4.390236	0.329268
12.000000	0.900000	0.000000	76.000000	80.000000	4.390236	0.329268
12.000000	0.900000	0.000000	73.000000	80.000000	4.390236	0.329268
13.000000	0.900000	0.000000	86.000000	80.000000	4.756089	0.329268
13.000000	0.900000	0.000000	74.000000	80.000000	4.756089	0.329268
14.000000	0.900000	0.000000	88.000000	80.000000	5.121942	0.329268
14.000000	0.900000	0.000000	76.000000	80.000000	5.121942	0.329268
15.000000	0.900000	0.000000	93.000000	80.000000	5.487795	0.329268
15.000000	0.900000	0.000000	81.000000	80.000000	5.487795	0.329268
16.000000	0.450000	0.000000	69.000000	80.000000	5.853648	0.164634
16.000000	0.450000	0.000000	73.000000	80.000000	5.853648	0.164634
16.500000	0.450000	0.000000	62.000000	80.000000	6.036574	0.164634
17.000000	0.450000	0.000000	66.000000	80.000000	6.219501	0.164634
17.000000	0.450000	0.000000	69.000000	80.000000	6.219501	0.164634
17.500000	0.450000	0.000000	62.000000	80.000000	6.402427	0.164634
18.000000	0.450000	0.000000	69.000000	80.000000	6.585354	0.164634
18.000000	0.450000	0.000000	76.000000	80.000000	6.585354	0.164634
18.500000	0.450000	0.000000	62.000000	80.000000	6.768280	0.164634
19.000000	0.450000	0.000000	66.000000	80.000000	6.951207	0.164634
19.000000	0.450000	0.000000	69.000000	80.000000	6.951207	0.164634
19.500000	0.450000	0.000000	62.000000	80.000000	7.134134	0.164634
20.000000	0.450000	0.000000	69.000000	80.000000	7.317060	0.164634
20.000000	0.450000	0.000000	73.000000	80.000000	7.317060	0.164634
20.500000	0.450000	0.000000	64.000000	80.000000	7.499987	0.164634
21.000000	0.450000	0.000000	66.000000	80.000000	7.682913	0.164634
21.000000	0.450000	0.000000	69.000000	80.000000	7.682913	0.164634
21.500000	0.450000	0.000000	64.000000	80.000000	7.865840	0.164634
22.000000	0.450000	0.000000	68.000000	80.000000	8.048766	0.164634
22.000000	0.450000	0.000000	73.000000	80.000000	8.048766	0.164634
22.500000	0.450000	0.000000	65.000000	80.000000	8.231693	0.164634
23.000000	0.450000	0.000000	68.000000	80.000000	8.414619	0.164634
23.500000	0.450000	0.000000	65.000000	80.000000	8.597545	0.164634
24.000000	0.450000	0.000000	66.000000	80.000000	8.780472	0.164634
24.000000	0.450000	0.000000	69.000000	80.000000	8.780472	0.164634
24.500000	0.450000	0.000000	68.000000	80.000000	8.963398	0.164634
25.000000	0.450000	0.000000	69.000000	80.000000	9.146325	0.164634
25.500000	0.950000	0.000000	63.000000	80.000000	9.329251	0.347560
25.500000	0.950000	0.000000	71.000000	80.000000	9.329251	0.347560
26.500000	0.450000	0.000000	81.000000	80.000000	9.695104	0.164634
26.500000	0.450000	0.000000	78.000000	80.000000	9.695104	0.164634
27.000000	0.450000	0.000000	83.000000	80.000000	9.878031	0.164634
27.500000	0.950000	0.000000	85.000000	80.000000	10.060957	0.347560
27.500000	0.950000	0.000000	81.000000	80.000000	10.060957	0.347560
27.500000	0.950000	0.000000	74.000000	80.000000	10.060957	0.347560
28.500000	0.450000	0.000000	83.000000	80.000000	10.426810	0.164634
29.000000	0.450000	0.000000	85.000000	80.000000	10.609737	0.164634
29.500000	0.450000	0.000000	86.000000	80.000000	10.792663	0.164634
29.500000	0.450000	0.000000	81.000000	80.000000	10.792663	0.164634
29.500000	0.450000	0.000000	76.000000	80.000000	10.792663	0.164634
30.500000	0.450000	0.000000	81.000000	80.000000	11.158516	0.164634
30.500000	0.450000	0.000000	76.000000	80.000000	11.158516	0.164634
30.500000	0.450000	0.000000	71.000000	80.000000	11.158516	0.164634
32.000000	3.600000	0.000000	81.000000	80.000000	11.707296	1.317071
32.000000	3.600000	0.000000	76.000000	80.000000	11.707296	1.317071
32.000000	3.600000	0.000000	73.000000	80.000000	11.707296	1.317071
32.000000	3.600000	0.000000	71.000000	80.000000	11.707296	1.317071
36.000000	1.350000	0.000000	64.000000	80.000000	13.170708	0.493902
36.000000	1.350000	0.000000	69.000000	80.000000	13.170708	0.493902
36.000000	1.350000	0.000000	74.000000	80.000000	13.170708	0.493902
37.500000	0.950000	0.000000	64.000000	80.000000	13.719487	0.347560
37.500000	0.950000	0.000000	69.000000	80.000000	13.719487	0.347560
37.500000	0.950000	0.000000	73.000000	80.000000	13.719487	0.347560
38.500000	1.350000	0.000000	64.000000	80.000000	14.085340	0.493902
38.500000	1.350000	0.000000	69.000000	80.000000	14.085340	0.493902
38.500000	1.350000	0.000000	71.000000	80.000000	14.085340	0.493902
40.000000	2.700000	0.000000	64.000000	80.000000	14.634120	0.987803
40.000000	2.700000	0.000000	69.000000	80.000000	14.634120	0.987803
40.000000	2.700000	0.000000	73.000000	80.000000	14.634120	0.987803
43.000000	0.450000	0.000000	64.000000	80.000000	15.731679	0.164634
43.000000	0.450000	0.000000	69.000000	80.000000	15.731679	0.164634
43.000000	0.450000	0.000000	74.000000	80.000000	15.731679	0.164634
43.500000	4.100000	0.000000	64.000000	80.000000	15.914605	1.499997
43.500000	4.100000	0.000000	69.000000	80.000000	15.914605	1.499997
43.500000	4.100000	0.000000	73.000000	80.000000	15.914605	1.499997
48.000000	0.450000	0.000000	76.000000	80.000000	17.560944	0.164634
48.000000	0.450000	0.000000	73.000000	80.000000	17.560944	0.164634
48.500000	0.450000	0.000000	76.000000	80.000000	17.743870	0.164634
49.000000	0.450000	0.000000	76.000000	80.000000	17.926797	0.164634
49.500000	0.450000	0.000000	76.000000	80.000000	18.109723	0.164634
50.000000	0.450000	0.000000	76.000000	80.000000	18.292650	0.164634
50.000000	0.450000	0.000000	73.000000	80.000000	18.292650	0.164634
50.500000	0.450000	0.000000	76.000000	80.000000	18.475576	0.164634
51.000000	0.450000	0.000000	76.000000	80.000000	18.658503	0.164634
51.500000	0.450000	0.000000	76.000000	80.000000	18.841429	0.164634
52.000000	0.450000	0.000000	76.000000	80.000000	19.024356	0.164634
52.000000	0.450000	0.000000	73.000000	80.000000	19.024356	0.164634
52.500000	0.450000	0.000000	76.000000	80.000000	19.207282	0.164634
53.000000	0.450000	0.000000	74.000000	80.000000	19.390209	0.164634
53.500000	0.950000	0.000000	73.000000	80.000000	19.573135	0.347560
54.500000	0.900000	0.000000	71.000000	80.000000	19.938988	0.329268
55.500000	0.450000	0.000000	71.000000	80.000000	20.304841	0.164634
56.000000	0.450000	0.000000	73.000000	80.000000	20.487768	0.164634
56.000000	0.450000	0.000000	69.000000	80.000000	20.487768	0.164634
56.500000	0.450000	0.000000	73.000000	80.000000	20.670694	0.164634
57.000000	0.450000	0.000000	73.000000	80.000000	20.853621	0.164634
57.500000	0.450000	0.000000	73.000000	80.000000	21.036547	0.164634
58.000000	0.450000	0.000000	73.000000	80.000000	21.219474	0.164634
58.000000	0.450000	0.000000	69.000000	80.000000	21.219474	0.164634
58.500000	0.450000	0.000000	73.000000	80.000000	21.402400	0.164634
59.000000	0.450000	0.000000	74.000000	80.000000	21.585327	0.164634
59.500000	0.450000	0.000000	73.000000	80.000000	21.768253	0.164634
60.000000	0.450000	0.000000	73.000000	80.000000	21.951180	0.164634
60.000000	0.450000	0.000000	69.000000	80.000000	21.951180	0.164634
60.500000	0.450000	0.000000	73.000000	80.000000	22.134106	0.164634
61.000000	0.450000	0.000000	74.000000	80.000000	22.317033	0.164634
61.500000	0.950000	0.000000	73.000000	80.000000	22.499959	0.347560
62.500000	1.350000	0.000000	71.000000	80.000000	22.865812	0.493902
64.000000	1.800000	0.000000	66.000000	80.000000	23.414592	0.658535
64.000000	1.800000	0.000000	69.000000	80.000000	23.414592	0.658535
66.000000	1.800000	0.000000	81.000000	80.000000	24.146298	0.658535
66.000000	1.800000	0.000000	78.000000	80.000000	24.146298	0.658535
68.000000	1.800000	0.000000	80.000000	80.000000	24.878004	0.658535
68.000000	1.800000	0.000000	71.000000	80.000000	24.878004	0.658535
70.000000	1.350000	0.000000	81.000000	80.000000	25.609710	0.493902
71.500000	0.450000	0.000000	81.000000	80.000000	26.158490	0.164634
72.000000	2.450000	0.000000	81.000000	80.000000	26.341416	0.896340
72.000000	2.450000	0.000000	76.000000	80.000000	26.341416	0.896340
74.500000	0.450000	0.000000	80.000000	80.000000	27.256049	0.164634
75.000000	0.450000	0.000000	78.000000	80.000000	27.438975	0.164634
75.500000	4.100000	0.000000	76.000000	80.000000	27.621902	1.499997
80.000000	0.450000	0.000000	76.000000	80.000000	29.268240	0.164634
80.000000	0.450000	0.000000	73.000000	80.000000	29.268240	0.164634
80.000000	0.450000	0.000000	69.000000	80.000000	29.268240	0.164634
80.500000	0.450000	0.000000	76.000000	80.000000	29.451167	0.164634
80.500000	0.450000	0.000000	73.000000	80.000000	29.451167	0.164634
80.500000	0.450000	0.000000	69.000000	80.000000	29.451167	0.164634
81.000000	0.450000	0.000000	76.000000	80.000000	29.634093	0.164634
81.000000	0.450000	0.000000	73.000000	80.000000	29.634093	0.164634
81.000000	0.450000	0.000000	69.000000	80.000000	29.634093	0.164634
81.500000	0.450000	0.000000	76.000000	80.000000	29.817020	0.164634
81.500000	0.450000	0.000000	73.000000	80.000000	29.817020	0.164634
81.500000	0.450000	0.000000	69.000000	80.000000	29.817020	0.164634
82.000000	0.450000	0.000000	76.000000	80.000000	29.999946	0.164634
82.000000	0.450000	0.000000	73.000000	80.000000	29.999946	0.164634
82.000000	0.450000	0.000000	69.000000	80.000000	29.999946	0.164634
82.500000	0.450000	0.000000	76.000000	80.000000	30.182873	0.164634
82.500000	0.450000	0.000000	73.000000	80.000000	30.182873	0.164634
82.500000	0.450000	0.000000	69.000000	80.000000	30.182873	0.164634
83.000000	0.450000	0.000000	76.000000	80.000000	30.365799	0.164634
83.000000	0.450000	0.000000	73.000000	80.000000	30.365799	0.164634
83.000000	0.450000	0.000000	69.000000	80.000000	30.365799	0.164634
83.500000	0.450000	0.000000	76.000000	80.000000	30.548726	0.164634
83.500000	0.450000	0.000000	73.000000	80.000000	30.548726	0.164634
83.500000	0.450000	0.000000	69.000000	80.000000	30.548726	0.164634
84.000000	0.450000	0.000000	76.000000	80.000000	30.731652	0.164634
84.000000	0.450000	0.000000	71.000000	80.000000	30.731652	0.164634
84.000000	0.450000	0.000000	69.000000	80.000000	30.731652	0.164634
84.500000	0.450000	0.000000	76.000000	80.000000	30.914579	0.164634
84.500000	0.450000	0.000000	71.000000	80.000000	30.914579	0.164634
84.500000	0.450000	0.000000	69.000000	80.000000	30.914579	0.164634
85.000000	0.450000	0.000000	74.000000	80.000000	31.097505	0.164634
85.000000	0.450000	0.000000	71.000000	80.000000	31.097505	0.164634
85.000000	0.450000	0.000000	69.000000	80.000000	31.097505	0.164634
85.500000	0.950000	0.000000	73.000000	80.000000	31.280432	0.347560
85.500000	0.950000	0.000000	69.000000	80.000000	31.280432	0.347560
86.500000	0.900000	0.000000	68.000000	80.000000	31.646285	0.329268
86.500000	0.900000	0.000000	71.000000	80.000000	31.646285	0.329268
87.500000	0.450000	0.000000	68.000000	80.000000	32.012138	0.164634
87.500000	0.450000	0.000000	71.000000	80.000000	32.012138	0.164634
88.000000	0.450000	0.000000	66.000000	80.000000	32.195064	0.164634
88.000000	0.450000	0.000000	69.000000	80.000000	32.195064	0.164634
88.000000	0.450000	0.000000	73.000000	80.000000	32.195064	0.164634
88.500000	0.450000	0.000000	66.000000	80.000000	32.377991	0.164634
88.500000	0.450000	0.000000	69.000000	80.000000	32.377991	0.164634
88.500000	0.450000	0.000000	73.000000	80.000000	32.377991	0.164634
89.000000	0.450000	0.000000	66.000000	80.000000	32.560917	0.164634
89.000000	0.450000	0.000000	69.000000	80.000000	32.560917	0.164634
89.000000	0.450000	0.000000	73.000000	80.000000	32.560917	0.164634
89.500000	0.450000	0.000000	66.000000	80.000000	32.743844	0.164634
89.500000	0.450000	0.000000	69.000000	80.000000	32.743844	0.164634
89.500000	0.450000	0.000000	73.000000	80.000000	32.743844	0.164634
90.000000	0.450000	0.000000	66.000000	80.000000	32.926770	0.164634
90.000000	0.450000	0.000000	69.000000	80.000000	32.926770	0.164634
90.000000	0.450000	0.000000	73.000000	80.000000	32.926770	0.164634
90.500000	0.450000	0.000000	66.000000	80.000000	33.109697	0.164634
90.500000	0.450000	0.000000	69.000000	80.000000	33.109697	0.164634
90.500000	0.450000	0.000000	73.000000	80.000000	33.109697	0.164634
91.000000	0.450000	0.000000	66.000000	80.000000	33.292623	0.164634
91.000000	0.450000	0.000000	69.000000	80.000000	33.292623	0.164634
91.000000	0.450000	0.000000	74.000000	80.000000	33.292623	0.164634
91.500000	0.450000	0.000000	66.000000	80.000000	33.475550	0.164634
91.500000	0.450000	0.000000	69.000000	80.000000	33.475550	0.164634
91.500000	0.450000	0.000000	73.000000	80.000000	33.475550	0.164634
92.000000	0.450000	0.000000	63.000000	80.000000	33.658476	0.164634
92.000000	0.450000	0.000000	69.000000	80.000000	33.658476	0.164634
92.000000	0.450000	0.000000	73.000000	80.000000	33.658476	0.164634
92.500000	0.450000	0.000000	63.000000	80.000000	33.841403	0.164634
92.500000	0.450000	0.000000	69.000000	80.000000	33.841403	0.164634
92.500000	0.450000	0.000000	71.000000	80.000000	33.841403	0.164634
93.000000	0.450000	0.000000	63.000000	80.000000	34.024329	0.164634
93.000000	0.450000	0.000000	69.000000	80.000000	34.024329	0.164634
93.000000	0.450000	0.000000	71.000000	80.000000	34.024329	0.164634
93.500000	0.950000	0.000000	63.000000	80.000000	34.207256	0.347560
93.500000	0.950000	0.000000	69.000000	80.000000	34.207256	0.347560
93.500000	0.950000	0.000000	71.000000	80.000000	34.207256	0.347560
94.500000	1.350000	0.000000	63.000000	80.000000	34.573109	0.493902
94.500000	1.350000	0.000000	69.000000	80.000000	34.573109	0.493902
96.000000	1.800000	0.000000	62.000000	80.000000	35.121888	0.658535
96.000000	1.800000	0.000000	66.000000	80.000000	35.121888	0.658535
96.000000	1.800000	0.000000	69.000000	80.000000	35.121888	0.658535
98.000000	1.800000	0.000000	73.000000	80.000000	35.853594	0.658535
98.000000	1.800000	0.000000	69.000000	80.000000	35.853594	0.658535
100.000000	1.800000	0.000000	76.000000	80.000000	36.585300	0.658535
100.000000	1.800000	0.000000	73.000000	80.000000	36.585300	0.658535
100.000000	1.800000	0.000000	69.000000	80.000000	36.585300	0.658535
102.000000	1.800000	0.000000	64.000000	80.000000	37.317006	0.658535
102.000000	1.800000	0.000000	69.000000	80.000000	37.317006	0.658535
102.000000	1.800000	0.000000	73.000000	80.000000	37.317006	0.658535
104.000000	1.800000	0.000000	62.000000	80.000000	38.048712	0.658535
104.000000	1.800000	0.000000	66.000000	80.000000	38.048712	0.658535
104.000000	1.800000	0.000000	71.000000	80.000000	38.048712	0.658535
106.000000	1.800000	0.000000	62.000000	80.000000	38.780418	0.658535
106.000000	1.800000	0.000000	66.000000	80.000000	38.780418	0.658535
106.000000	1.800000	0.000000	73.000000	80.000000	38.780418	0.658535
108.000000	1.800000	0.000000	64.000000	80.000000	39.512124	0.658535
108.000000	1.800000	0.000000	68.000000	80.000000	39.512124	0.658535
108.000000	1.800000	0.000000	71.000000	80.000000	39.512124	0.658535
110.000000	1.800000	0.000000	59.000000	80.000000	40.243830	0.658535
110.000000	1.800000	0.000000	64.000000	80.000000	40.243830	0.658535
110.000000	1.800000	0.000000	69.000000	80.000000	40.243830	0.658535
112.000000	6.700000	0.000000	69.000000	80.000000	40.975536	2.451215
112.000000	0.900000	0.000000	64.000000	80.000000	40.975536	0.329268
112.000000	0.900000	0.000000	62.000000	80.000000	40.975536	0.329268
113.000000	0.900000	0.000000	64.000000	80.000000	41.341389	0.329268
113.000000	0.900000	0.000000	62.000000	80.000000	41.341389	0.329268
114.000000	0.900000	0.000000	64.000000	80.000000	41.707242	0.329268
114.000000	0.900000	0.000000	62.000000	80.000000	41.707242	0.329268
115.000000	0.900000	0.000000	64.000000	80.000000	42.073095	0.329268
115.000000	0.900000	0.000000	62.000000	80.000000	42.073095	0.329268
116.000000	0.900000	0.000000	64.000000	80.000000	42.438948	0.329268
116.000000	0.900000	0.000000	61.000000	80.000000	42.438948	0.329268
117.000000	0.900000	0.000000	64.000000	80.000000	42.804801	0.329268
117.000000	0.900000	0.000000	61.000000	80.000000	42.804801	0.329268
118.000000	0.900000	0.000000	64.000000	80.000000	43.170654	0.329268
118.000000	0.900000	0.000000	61.000000	80.000000	43.170654	0.329268
119.000000	0.900000	0.000000	68.000000	80.000000	43.536507	0.329268
119.000000	0.900000	0.000000	73.000000	80.000000	43.536507	0.329268
119.000000	0.900000	0.000000	76.000000	80.000000	43.536507	0.329268
120.000000	0.900000	0.000000	81.000000	80.000000	43.902360	0.329268
120.000000	0.900000	0.000000	73.000000	80.000000	43.902360	0.329268
120.000000	0.900000	0.000000	69.000000	80.000000	43.902360	0.329268
121.000000	0.900000	0.000000	80.000000	80.000000	44.268213	0.329268
121.000000	0.900000	0.000000	73.000000	80.000000	44.268213	0.329268
121.000000	0.900000	0.000000	69.000000	80.000000	44.268213	0.329268
122.000000	0.900000	0.000000	81.000000	80.000000	44.634066	0.329268
122.000000	0.900000	0.000000	73.000000	80.000000	44.634066	0.329268
122.000000	0.900000	0.000000	69.000000	80.000000	44.634066	0.329268
123.000000	1.900000	0.000000	64.000000	80.000000	44.999919	0.695121
123.000000	1.900000	0.000000	69.000000	80.000000	44.999919	0.695121
123.000000	1.900000	0.000000	76.000000	80.000000	44.999919	0.695121
125.000000	0.900000	0.000000	64.000000	80.000000	45.731625	0.329268
125.000000	0.900000	0.000000	69.000000	80.000000	45.731625	0.329268
125.000000	0.900000	0.000000	74.000000	80.000000	45.731625	0.329268
126.000000	0.900000	0.000000	64.000000	80.000000	46.097478	0.329268
126.000000	0.900000	0.000000	69.000000	80.000000	46.097478	0.329268
126.000000	0.900000	0.000000	73.000000	80.000000	46.097478	0.329268
127.000000	0.900000	0.000000	64.000000	80.000000	46.463331	0.329268
127.000000	0.900000	0.000000	69.000000	80.000000	46.463331	0.329268
127.000000	0.900000	0.000000	74.000000	80.000000	46.463331	0.329268
128.000000	0.900000	0.000000	64.000000	80.000000	46.829184	0.329268
128.000000	0.900000	0.000000	69.000000	80.000000	46.829184	0.329268
128.000000	0.900000	0.000000	76.000000	80.000000	46.829184	0.329268
129.000000	0.900000	0.000000	64.000000	80.000000	47.195037	0.329268
129.000000	0.900000	0.000000	69.000000	80.000000	47.195037	0.329268
130.000000	0.900000	0.000000	64.000000	80.000000	47.560890	0.329268
130.000000	0.900000	0.000000	69.000000	80.000000	47.560890	0.329268
131.000000	1.900000	0.000000	74.000000	80.000000	47.926743	0.695121
131.000000	1.900000	0.000000	69.000000	80.000000	47.926743	0.695121
133.000000	0.900000	0.000000	73.000000	80.000000	48.658449	0.329268
133.000000	0.900000	0.000000	69.000000	80.000000	48.658449	0.329268
134.000000	1.800000	0.000000	66.000000	80.000000	49.024302	0.658535
134.000000	1.800000	0.000000	69.000000	80.000000	49.024302	0.658535
136.000000	3.600000	0.000000	78.000000	80.000000	49.756008	1.317071
136.000000	3.600000	0.000000	74.000000	80.000000	49.756008	1.317071
136.000000	3.600000	0.000000	69.000000	80.000000	49.756008	1.317071
140.000000	1.800000	0.000000	80.000000	80.000000	51.219420	0.658535
140.000000	1.800000	0.000000	76.000000	80.000000	51.219420	0.658535
140.000000	1.800000	0.000000	71.000000	80.000000	51.219420	0.658535
142.000000	1.800000	0.000000	76.000000	80.000000	51.951126	0.658535
142.000000	1.800000	0.000000	73.000000	80.000000	51.951126	0.658535
144.000000	2.700000	0.000000	81.000000	80.000000	52.682832	0.987803
144.000000	2.700000	0.000000	78.000000	80.000000	52.682832	0.987803
144.000000	2.700000	0.000000	73.000000	80.000000	52.682832	0.987803
147.000000	0.450000	0.000000	81.000000	80.000000	53.780391	0.164634
147.000000	0.450000	0.000000	78.000000	80.000000	53.780391	0.164634
147.000000	0.450000	0.000000	73.000000	80.000000	53.780391	0.164634
147.500000	0.450000	0.000000	83.000000	80.000000	53.963317	0.164634
148.000000	0.900000	0.000000	85.000000	80.000000	54.146244	0.329268
148.000000	0.900000	0.000000	80.000000	80.000000	54.146244	0.329268
148.000000	0.900000	0.000000	76.000000	80.000000	54.146244	0.329268
149.000000	0.450000	0.000000	83.000000	80.000000	54.512097	0.164634
149.000000	0.450000	0.000000	80.000000	80.000000	54.512097	0.164634
149.000000	0.450000	0.000000	76.000000	80.000000	54.512097	0.164634
149.500000	0.950000	0.000000	86.000000	80.000000	54.695023	0.347560
149.500000	0.950000	0.000000	80.000000	80.000000	54.695023	0.347560
149.500000	0.950000	0.000000	76.000000	80.000000	54.695023	0.347560
150.500000	0.900000	0.000000	85.000000	80.000000	55.060876	0.329268
150.500000	0.900000	0.000000	80.000000	80.000000	55.060876	0.329268
150.500000	0.900000	0.000000	76.000000	80.000000	55.060876	0.329268
151.500000	3.200000	0.000000	81.000000	80.000000	55.426729	1.170730
151.500000	3.200000	0.000000	73.000000	80.000000	55.426729	1.170730
151.500000	3.200000	0.000000	69.000000	80.000000	55.426729	1.170730
155.000000	0.900000	0.000000	76.000000	80.000000	56.707215	0.329268
155.000000	0.900000	0.000000	69.000000	80.000000	56.707215	0.329268
156.000000	0.900000	0.000000	86.000000	80.000000	57.073068	0.329268
156.000000	0.900000	0.000000	81.000000	80.000000	57.073068	0.329268
156.000000	0.900000	0.000000	76.000000	80.000000	57.073068	0.329268
157.000000	0.450000	0.000000	85.000000	80.000000	57.438921	0.164634
157.000000	0.450000	0.000000	81.000000	80.000000	57.438921	0.164634
157.000000	0.450000	0.000000	76.000000	80.000000	57.438921	0.164634
157.500000	0.950000	0.000000	83.000000	80.000000	57.621847	0.347560
157.500000	0.950000	0.000000	81.000000	80.000000	57.621847	0.347560
157.500000	0.950000	0.000000	76.000000	80.000000	57.621847	0.347560
158.500000	0.900000	0.000000	81.000000	80.000000	57.987700	0.329268
158.500000	0.900000	0.000000	76.000000	80.000000	57.987700	0.329268
159.500000	3.200000	0.000000	83.000000	80.000000	58.353553	1.170730
159.500000	3.200000	0.000000	80.000000	80.000000	58.353553	1.170730
159.500000	3.200000	0.000000	76.000000	80.000000	58.353553	1.170730
163.000000	0.900000	0.000000	76.000000	80.000000	59.634039	0.329268
163.000000	0.900000	0.000000	71.000000	80.000000	59.634039	0.329268
164.000000	0.900000	0.000000	85.000000	80.000000	59.999892	0.329268
164.000000	0.900000	0.000000	80.000000	80.000000	59.999892	0.329268
164.000000	0.900000	0.000000	76.000000	80.000000	59.999892	0.329268
165.000000	0.450000	0.000000	83.000000	80.000000	60.365745	0.164634
165.000000	0.450000	0.000000	80.000000	80.000000	60.365745	0.164634
165.000000	0.450000	0.000000	76.000000	80.000000	60.365745	0.164634
165.500000	0.950000	0.000000	81.000000	80.000000	60.548671	0.347560
165.500000	0.950000	0.000000	76.000000	80.000000	60.548671	0.347560
166.500000	0.900000	0.000000	80.000000	80.000000	60.914524	0.329268
166.500000	0.900000	0.000000	76.000000	80.000000	60.914524	0.329268
167.500000	6.300000	0.000000	81.000000	80.000000	61.280378	2.304874
167.500000	6.300000	0.000000	78.000000	80.000000	61.280378	2.304874
167.500000	6.300000	0.000000	74.000000	80.000000	61.280378	2.304874
174.000000	0.900000	0.000000	81.000000	80.000000	63.658422	0.329268
174.000000	0.900000	0.000000	78.000000	80.000000	63.658422	0.329268
174.000000	0.900000	0.000000	74.000000	80.000000	63.658422	0.329268
175.000000	0.900000	0.000000	83.000000	80.000000	64.024275	0.329268
175.000000	0.900000	0.000000	80.000000	80.000000	64.024275	0.329268
175.000000	0.900000	0.000000	76.000000	80.000000	64.024275	0.329268
176.000000	1.350000	0.000000	85.000000	80.000000	64.390128	0.493902
176.000000	1.350000	0.000000	81.000000	80.000000	64.390128	0.493902
176.000000	1.350000	0.000000	76.000000	80.000000	64.390128	0.493902
177.500000	0.450000	0.000000	83.000000	80.000000	64.938908	0.164634
177.500000	0.450000	0.000000	81.000000	80.000000	64.938908	0.164634
177.500000	0.450000	0.000000	77.000000	80.000000	64.938908	0.164634
178.000000	1.350000	0.000000	83.000000	80.000000	65.121834	0.493902
178.000000	1.350000	0.000000	81.000000	80.000000	65.121834	0.493902
178.000000	1.350000	0.000000	77.000000	80.000000	65.121834	0.493902
179.500000	0.450000	0.000000	83.000000	80.000000	65.670614	0.164634
179.500000	0.450000	0.000000	81.000000	80.000000	65.670614	0.164634
179.500000	0.450000	0.000000	77.000000	80.000000	65.670614	0.164634
180.000000	1.350000	0.000000	86.000000	80.000000	65.853540	0.493902
180.000000	1.350000	0.000000	83.000000	80.000000	65.853540	0.493902
180.000000	1.350000	0.000000	76.000000	80.000000	65.853540	0.493902
181.500000	0.450000	0.000000	86.000000	80.000000	66.402320	0.164634
181.500000	0.450000	0.000000	83.000000	80.000000	66.402320	0.164634
181.500000	0.450000	0.000000	76.000000	80.000000	66.402320	0.164634
182.000000	0.900000	0.000000	85.000000	80.000000	66.585246	0.329268
182.000000	0.900000	0.000000	80.000000	80.000000	66.585246	0.329268
182.000000	0.900000	0.000000	76.000000	80.000000	66.585246	0.329268
183.000000	0.450000	0.000000	83.000000	80.000000	66.951099	0.164634
183.000000	0.450000	0.000000	76.000000	80.000000	66.951099	0.164634
183.500000	3.200000	0.000000	81.000000	80.000000	67.134026	1.170730
183.500000	3.200000	0.000000	76.000000	80.000000	67.134026	1.170730
187.000000	0.900000	0.000000	76.000000	80.000000	68.414511	0.329268
188.000000	0.900000	0.000000	86.000000	80.000000	68.780364	0.329268
188.000000	0.900000	0.000000	81.000000	80.000000	68.780364	0.329268
188.000000	0.900000	0.000000	76.000000	80.000000	68.780364	0.329268
189.000000	0.450000	0.000000	85.000000	80.000000	69.146217	0.164634
189.000000	0.450000	0.000000	81.000000	80.000000	69.146217	0.164634
189.000000	0.450000	0.000000	76.000000	80.000000	69.146217	0.164634
189.500000	0.950000	0.000000	83.000000	80.000000	69.329144	0.347560
189.500000	0.950000	0.000000	81.000000	80.000000	69.329144	0.347560
189.500000	0.950000	0.000000	76.000000	80.000000	69.329144	0.347560
190.500000	0.900000	0.000000	81.000000	80.000000	69.694997	0.329268
190.500000	0.900000	0.000000	76.000000	80.000000	69.694997	0.329268
191.500000	3.200000	0.000000	83.000000	80.000000	70.060850	1.170730
191.500000	3.200000	0.000000	80.000000	80.000000	70.060850	1.170730
191.500000	3.200000	0.000000	76.000000	80.000000	70.060850	1.170730
195.000000	0.450000	0.000000	76.000000	80.000000	71.341335	0.164634
195.500000	0.450000	0.000000	76.000000	80.000000	71.524262	0.164634
196.000000	0.900000	0.000000	85.000000	80.000000	71.707188	0.329268
196.000000	0.900000	0.000000	80.000000	80.000000	71.707188	0.329268
196.000000	0.900000	0.000000	77.000000	80.000000	71.707188	0.329268
197.000000	0.450000	0.000000	83.000000	80.000000	72.073041	0.164634
197.000000	0.450000	0.000000	77.000000	80.000000	72.073041	0.164634
197.500000	0.950000	0.000000	81.000000	80.000000	72.255968	0.347560
197.500000	0.950000	0.000000	77.000000	80.000000	72.255968	0.347560
198.500000	0.900000	0.000000	80.000000	80.000000	72.621821	0.329268
198.500000	0.900000	0.000000	77.000000	80.000000	72.621821	0.329268
199.500000	3.200000	0.000000	78.000000	80.000000	72.987674	1.170730
199.500000	3.200000	0.000000	73.000000	80.000000	72.987674	1.170730
199.500000	3.200000	0.000000	69.000000	80.000000	72.987674	1.170730
203.000000	0.900000	0.000000	73.000000	80.000000	74.268159	0.329268
203.000000	0.900000	0.000000	69.000000	80.000000	74.268159	0.329268
204.000000	2.700000	0.000000	80.000000	80.000000	74.634012	0.987803
204.000000	2.700000	0.000000	71.000000	80.000000	74.634012	0.987803
207.000000	0.450000	0.000000	81.000000	80.000000	75.731571	0.164634
207.000000	0.450000	0.000000	73.000000	80.000000	75.731571	0.164634
207.500000	3.200000	0.000000	81.000000	80.000000	75.914498	1.170730
207.500000	3.200000	0.000000	73.000000	80.000000	75.914498	1.170730
211.000000	0.900000	0.000000	76.000000	80.000000	77.194983	0.329268
211.000000	0.900000	0.000000	69.000000	80.000000	77.194983	0.329268
212.000000	2.700000	0.000000	81.000000	80.000000	77.560836	0.987803
212.000000	2.700000	0.000000	76.000000	80.000000	77.560836	0.987803
215.000000	0.450000	0.000000	83.000000	80.000000	78.658395	0.164634
215.500000	0.450000	0.000000	85.000000	80.000000	78.841322	0.164634
216.000000	0.450000	0.000000	81.000000	80.000000	79.024248	0.164634
216.000000	0.450000	0.000000	78.000000	80.000000	79.024248	0.164634
216.000000	0.450000	0.000000	74.000000	80.000000	79.024248	0.164634
216.500000	0.450000	0.000000	81.000000	80.000000	79.207175	0.164634
216.500000	0.450000	0.000000	78.000000	80.000000	79.207175	0.164634
216.500000	0.450000	0.000000	74.000000	80.000000	79.207175	0.164634
217.000000	0.450000	0.000000	81.000000	80.000000	79.390101	0.164634
217.000000	0.450000	0.000000	78.000000	80.000000	79.390101	0.164634
217.000000	0.450000	0.000000	74.000000	80.000000	79.390101	0.164634
217.500000	0.450000	0.000000	81.000000	80.000000	79.573028	0.164634
217.500000	0.450000	0.000000	78.000000	80.000000	79.573028	0.164634
217.500000	0.450000	0.000000	74.000000	80.000000	79.573028	0.164634
218.000000	0.450000	0.000000	81.000000	80.000000	79.755954	0.164634
218.000000	0.450000	0.000000	78.000000	80.000000	79.755954	0.164634
218.000000	0.450000	0.000000	74.000000	80.000000	79.755954	0.164634
218.500000	0.450000	0.000000	81.000000	80.000000	79.938881	0.164634
218.500000	0.450000	0.000000	78.000000	80.000000	79.938881	0.164634
218.500000	0.450000	0.000000	74.000000	80.000000	79.938881	0.164634
219.000000	0.450000	0.000000	81.000000	80.000000	80.121807	0.164634
219.000000	0.450000	0.000000	78.000000	80.000000	80.121807	0.164634
219.000000	0.450000	0.000000	74.000000	80.000000	80.121807	0.164634
219.500000	0.450000	0.000000	81.000000	80.000000	80.304734	0.164634
219.500000	0.450000	0.000000	78.000000	80.000000	80.304734	0.164634
219.500000	0.450000	0.000000	74.000000	80.000000	80.304734	0.164634
220.000000	0.450000	0.000000	80.000000	80.000000	80.487660	0.164634
220.000000	0.450000	0.000000	76.000000	80.000000	80.487660	0.164634
220.000000	0.450000	0.000000	73.000000	80.000000	80.487660	0.164634
220.500000	0.450000	0.000000	80.000000	80.000000	80.670587	0.164634
220.500000	0.450000	0.000000	76.000000	80.000000	80.670587	0.164634
220.500000	0.450000	0.000000	73.000000	80.000000	80.670587	0.164634
221.000000	0.450000	0.000000	80.000000	80.000000	80.853513	0.164634
221.000000	0.450000	0.000000	76.000000	80.000000	80.853513	0.164634
221.000000	0.450000	0.000000	73.000000	80.000000	80.853513	0.164634
221.500000	0.450000	0.000000	80.000000	80.000000	81.036440	0.164634
221.500000	0.450000	0.000000	76.000000	80.000000	81.036440	0.164634
221.500000	0.450000	0.000000	73.000000	80.000000	81.036440	0.164634
222.000000	0.450000	0.000000	80.000000	80.000000	81.219366	0.164634
222.000000	0.450000	0.000000	76.000000	80.000000	81.219366	0.164634
222.000000	0.450000	0.000000	73.000000	80.000000	81.219366	0.164634
222.500000	0.450000	0.000000	80.000000	80.000000	81.402293	0.164634
222.500000	0.450000	0.000000	76.000000	80.000000	81.402293	0.164634
222.500000	0.450000	0.000000	73.000000	80.000000	81.402293	0.164634
223.000000	0.450000	0.000000	80.000000	80.000000	81.585219	0.164634
223.000000	0.450000	0.000000	76.000000	80.000000	81.585219	0.164634
223.000000	0.450000	0.000000	73.000000	80.000000	81.585219	0.164634
223.500000	0.450000	0.000000	80.000000	80.000000	81.768146	0.164634
223.500000	0.450000	0.000000	76.000000	80.000000	81.768146	0.164634
223.500000	0.450000	0.000000	73.000000	80.000000	81.768146	0.164634
224.000000	0.450000	0.000000	81.000000	80.000000	81.951072	0.164634
224.000000	0.450000	0.000000	78.000000	80.000000	81.951072	0.164634
224.000000	0.450000	0.000000	74.000000	80.000000	81.951072	0.164634
224.500000	0.450000	0.000000	81.000000	80.000000	82.133999	0.164634
224.500000	0.450000	0.000000	78.000000	80.000000	82.133999	0.164634
224.500000	0.450000	0.000000	74.000000	80.000000	82.133999	0.164634
225.000000	0.450000	0.000000	81.000000	80.000000	82.316925	0.164634
225.000000	0.450000	0.000000	78.000000	80.000000	82.316925	0.164634
225.000000	0.450000	0.000000	74.000000	80.000000	82.316925	0.164634
225.500000	0.450000	0.000000	81.000000	80.000000	82.499852	0.164634
225.500000	0.450000	0.000000	78.000000	80.000000	82.499852	0.164634
225.500000	0.450000	0.000000	74.000000	80.000000	82.499852	0.164634
226.000000	0.900000	0.000000	74.000000	80.000000	82.682778	0.329268
226.000000	0.900000	0.000000	78.000000	80.000000	82.682778	0.329268
226.000000	0.900000	0.000000	81.000000	80.000000	82.682778	0.329268
226.000000	0.900000	0.000000	85.000000	80.000000	82.682778	0.329268
227.000000	0.900000	0.000000	76.000000	80.000000	83.048631	0.329268
228.000000	0.900000	0.000000	81.000000	80.000000	83.414484	0.329268
228.000000	0.900000	0.000000	76.000000	80.000000	83.414484	0.329268
228.000000	0.900000	0.000000	73.000000	80.000000	83.414484	0.329268
229.000000	0.450000	0.000000	80.000000	80.000000	83.780337	0.164634
229.500000	0.950000	0.000000	81.000000	80.000000	83.963264	0.347560
229.500000	0.950000	0.000000	77.000000	80.000000	83.963264	0.347560
229.500000	0.950000	0.000000	72.000000	80.000000	83.963264	0.347560
230.500000	0.900000	0.000000	83.000000	80.000000	84.329117	0.329268
230.500000	0.900000	0.000000	79.000000	80.000000	84.329117	0.329268
230.500000	0.900000	0.000000	74.000000	80.000000	84.329117	0.329268
231.500000	4.100000	0.000000	81.000000	80.000000	84.694970	1.499997
231.500000	0.450000	0.000000	73.000000	80.000000	84.694970	0.164634
231.500000	4.100000	0.000000	69.000000	80.000000	84.694970	1.499997
232.000000	3.600000	0.000000	73.000000	80.000000	84.877896	1.317071
236.000000	1.350000	0.000000	62.000000	80.000000	86.341308	0.493902
236.000000	1.350000	0.000000	52.000000	80.000000	86.341308	0.493902
237.500000	1.400000	0.000000	61.000000	80.000000	86.890088	0.512194
237.500000	1.400000	0.000000	52.000000	80.000000	86.890088	0.512194
239.000000	0.900000	0.000000	59.000000	80.000000	87.438867	0.329268
239.000000	0.900000	0.000000	52.000000	80.000000	87.438867	0.329268
240.000000	3.600000	0.000000	61.000000	80.000000	87.804720	1.317071
240.000000	3.600000	0.000000	52.000000	80.000000	87.804720	1.317071
244.000000	1.350000	0.000000	64.000000	80.000000	89.268132	0.493902
244.000000	1.350000	0.000000	69.000000	80.000000	89.268132	0.493902
244.000000	1.350000	0.000000	74.000000	80.000000	89.268132	0.493902
245.500000	1.400000	0.000000	64.000000	80.000000	89.816912	0.512194
245.500000	1.400000	0.000000	69.000000	80.000000	89.816912	0.512194
245.500000	1.400000	0.000000	73.000000	80.000000	89.816912	0.512194
247.000000	0.900000	0.000000	64.000000	80.000000	90.365691	0.329268
247.000000	0.900000	0.000000	69.000000	80.000000	90.365691	0.329268
247.000000	0.900000	0.000000	71.000000	80.000000	90.365691	0.329268
248.000000	3.600000	0.000000	64.000000	80.000000	90.731544	1.317071
248.000000	3.600000	0.000000	69.000000	80.000000	90.731544	1.317071
248.000000	3.600000	0.000000	73.000000	80.000000	90.731544	1.317071
252.000000	1.350000	0.000000	86.000000	80.000000	92.194956	0.493902
252.000000	1.350000	0.000000	81.000000	80.000000	92.194956	0.493902
252.000000	1.350000	0.000000	77.000000	80.000000	92.194956	0.493902
253.500000	1.400000	0.000000	85.000000	80.000000	92.743736	0.512194
253.500000	1.400000	0.000000	81.000000	80.000000	92.743736	0.512194
253.500000	1.400000	0.000000	77.000000	80.000000	92.743736	0.512194
255.000000	0.900000	0.000000	76.000000	80.000000	93.292515	0.329268
255.000000	0.900000	0.000000	71.000000	80.000000	93.292515	0.329268
256.000000	0.450000	0.000000	81.000000	80.000000	93.658368	0.164634
256.000000	0.450000	0.000000	78.000000	80.000000	93.658368	0.164634
256.000000	0.450000	0.000000	73.000000	80.000000	93.658368	0.164634
256.500000	0.450000	0.000000	81.000000	80.000000	93.841295	0.164634
256.500000	0.450000	0.000000	78.000000	80.000000	93.841295	0.164634
256.500000	0.450000	0.000000	73.000000	80.000000	93.841295	0.164634
257.000000	0.450000	0.000000	81.000000	80.000000	94.024221	0.164634
257.000000	0.450000	0.000000	78.000000	80.000000	94.024221	0.164634
257.000000	0.450000	0.000000	73.000000	80.000000	94.024221	0.164634
257.500000	0.450000	0.000000	81.000000	80.000000	94.207148	0.164634
257.500000	0.450000	0.000000	78.000000	80.000000	94.207148	0.164634
257.500000	0.450000	0.000000	73.000000	80.000000	94.207148	0.164634
258.000000	0.450000	0.000000	81.000000	80.000000	94.390074	0.164634
258.000000	0.450000	0.000000	78.000000	80.000000	94.390074	0.164634
258.000000	0.450000	0.000000	73.000000	80.000000	94.390074	0.164634
258.500000	0.450000	0.000000	81.000000	80.000000	94.573001	0.164634
258.500000	0.450000	0.000000	78.000000	80.000000	94.573001	0.164634
258.500000	0.450000	0.000000	73.000000	80.000000	94.573001	0.164634
259.000000	0.450000	0.000000	81.000000	80.000000	94.755927	0.164634
259.000000	0.450000	0.000000	78.000000	80.000000	94.755927	0.164634
259.000000	0.450000	0.000000	73.000000	80.000000	94.755927	0.164634
259.500000	0.450000	0.000000	81.000000	80.000000	94.938854	0.164634
259.500000	0.450000	0.000000	78.000000	80.000000	94.938854	0.164634
259.500000	0.450000	0.000000	73.000000	80.000000	94.938854	0.164634
260.000000	0.450000	0.000000	83.000000	80.000000	95.121780	0.164634
260.000000	0.450000	0.000000	80.000000	80.000000	95.121780	0.164634
260.000000	0.450000	0.000000	76.000000	80.000000	95.121780	0.164634
260.500000	0.450000	0.000000	83.000000	80.000000	95.304707	0.164634
260.500000	0.450000	0.000000	80.000000	80.000000	95.304707	0.164634
260.500000	0.450000	0.000000	76.000000	80.000000	95.304707	0.164634
261.000000	0.450000	0.000000	83.000000	80.000000	95.487633	0.164634
261.000000	0.450000	0.000000	80.000000	80.000000	95.487633	0.164634
261.000000	0.450000	0.000000	76.000000	80.000000	95.487633	0.164634
261.500000	0.450000	0.000000	83.000000	80.000000	95.670560	0.164634
261.500000	0.450000	0.000000	80.000000	80.000000	95.670560	0.164634
261.500000	0.450000	0.000000	76.000000	80.000000	95.670560	0.164634
262.000000	0.450000	0.000000	83.000000	80.000000	95.853486	0.164634
262.000000	0.450000	0.000000	80.000000	80.000000	95.853486	0.164634
262.000000	0.450000	0.000000	76.000000	80.000000	95.853486	0.164634
262.500000	0.450000	0.000000	83.000000	80.000000	96.036413	0.164634
262.500000	0.450000	0.000000	80.000000	80.000000	96.036413	0.164634
262.500000	0.450000	0.000000	76.000000	80.000000	96.036413	0.164634
263.000000	0.450000	0.000000	83.000000	80.000000	96.219339	0.164634
263.000000	0.450000	0.000000	80.000000	80.000000	96.219339	0.164634
263.000000	0.450000	0.000000	76.000000	80.000000	96.219339	0.164634
263.500000	0.450000	0.000000	83.000000	80.000000	96.402266	0.164634
263.500000	0.450000	0.000000	80.000000	80.000000	96.402266	0.164634
263.500000	0.450000	0.000000	76.000000	80.000000	96.402266	0.164634
266.000000	5.600000	0.000000	81.000000	80.000000	97.316898	2.048777
266.000000	5.600000	0.000000	76.000000	80.000000	97.316898	2.048777
266.000000	5.600000	0.000000	73.000000	80.000000	97.316898	2.048777
266.000000	5.600000	0.000000	69.000000	80.000000	97.316898	2.048777
0.000000	0.450000	0.000000	38.000000	80.000000	0.000000	0.164634
0.500000	0.450000	0.000000	50.000000	80.000000	0.182926	0.164634
1.000000	0.450000	0.000000	38.000000	80.000000	0.365853	0.164634
1.500000	0.450000	0.000000	50.000000	80.000000	0.548779	0.164634
2.000000	0.450000	0.000000	38.000000	80.000000	0.731706	0.164634
2.500000	0.450000	0.000000	50.000000	80.000000	0.914632	0.164634
3.000000	0.450000	0.000000	38.000000	80.000000	1.097559	0.164634
3.500000	0.450000	0.000000	50.000000	80.000000	1.280485	0.164634
4.000000	0.450000	0.000000	40.000000	80.000000	1.463412	0.164634
4.500000	0.450000	0.000000	52.000000	80.000000	1.646338	0.164634
5.000000	0.450000	0.000000	40.000000	80.000000	1.829265	0.164634
5.500000	0.450000	0.000000	52.000000	80.000000	2.012191	0.164634
6.000000	0.450000	0.000000	40.000000	80.000000	2.195118	0.164634
6.500000	0.450000	0.000000	52.000000	80.000000	2.378044	0.164634
7.000000	0.450000	0.000000	40.000000	80.000000	2.560971	0.164634
7.500000	0.450000	0.000000	52.000000	80.000000	2.743897	0.164634
8.000000	0.450000	0.000000	42.000000	80.000000	2.926824	0.164634
8.500000	0.450000	0.000000	54.000000	80.000000	3.109750	0.164634
9.000000	0.450000	0.000000	42.000000	80.000000	3.292677	0.164634
9.500000	0.450000	0.000000	54.000000	80.000000	3.475603	0.164634
10.000000	0.450000	0.000000	42.000000	80.000000	3.658530	0.164634
10.500000	0.450000	0.000000	54.000000	80.000000	3.841456	0.164634
11.000000	0.450000	0.000000	42.000000	80.000000	4.024383	0.164634
11.500000	0.450000	0.000000	54.000000	80.000000	4.207309	0.164634
12.000000	0.450000	0.000000	37.000000	80.000000	4.390236	0.164634
12.500000	0.450000	0.000000	49.000000	80.000000	4.573162	0.164634
13.000000	0.450000	0.000000	37.000000	80.000000	4.756089	0.164634
13.500000	0.450000	0.000000	49.000000	80.000000	4.939016	0.164634
14.000000	0.450000	0.000000	37.000000	80.000000	5.121942	0.164634
14.500000	0.450000	0.000000	49.000000	80.000000	5.304869	0.164634
15.000000	0.450000	0.000000	37.000000	80.000000	5.487795	0.164634
15.500000	0.450000	0.000000	49.000000	80.000000	5.670722	0.164634
16.000000	0.450000	0.000000	38.000000	80.000000	5.853648	0.164634
16.500000	0.450000	0.000000	50.000000	80.000000	6.036575	0.164634
17.000000	0.450000	0.000000	38.000000	80.000000	6.219501	0.164634
17.500000	0.450000	0.000000	50.000000	80.000000	6.402428	0.164634
18.000000	0.450000	0.000000	38.000000	80.000000	6.585354	0.164634
18.500000	0.450000	0.000000	50.000000	80.000000	6.768281	0.164634
19.000000	0.450000	0.000000	38.000000	80.000000	6.951207	0.164634
19.500000	0.450000	0.000000	50.000000	80.000000	7.134134	0.164634
20.000000	0.450000	0.000000	40.000000	80.000000	7.317060	0.164634
20.500000	0.450000	0.000000	52.000000	80.000000	7.499987	0.164634
21.000000	0.450000	0.000000	40.000000	80.000000	7.682913	0.164634
21.500000	0.450000	0.000000	52.000000	80.000000	7.865840	0.164634
22.000000	0.450000	0.000000	41.000000	80.000000	8.048766	0.164634
22.500000	0.450000	0.000000	53.000000	80.000000	8.231693	0.164634
23.000000	0.450000	0.000000	41.000000	80.000000	8.414619	0.164634
23.500000	0.450000	0.000000	53.000000	80.000000	8.597546	0.164634
24.000000	1.350000	0.000000	54.000000	80.000000	8.780472	0.493902
24.000000	1.350000	0.000000	42.000000	80.000000	8.780472	0.493902
25.500000	1.850000	0.000000	35.000000	80.000000	9.329252	0.676828
25.500000	1.850000	0.000000	47.000000	80.000000	9.329252	0.676828
27.500000	1.850000	0.000000	38.000000	80.000000	10.060958	0.676828
27.500000	1.850000	0.000000	50.000000	80.000000	10.060958	0.676828
29.500000	0.450000	0.000000	52.000000	80.000000	10.792664	0.164634
29.500000	0.450000	0.000000	40.000000	80.000000	10.792664	0.164634
30.500000	0.450000	0.000000	52.000000	80.000000	11.158517	0.164634
30.500000	0.450000	0.000000	40.000000	80.000000	11.158517	0.164634
32.000000	0.450000	0.000000	45.000000	80.000000	11.707296	0.164634
32.500000	0.450000	0.000000	57.000000	80.000000	11.890223	0.164634
33.000000	0.450000	0.000000	45.000000	80.000000	12.073149	0.164634
33.500000	0.450000	0.000000	57.000000	80.000000	12.256076	0.164634
34.000000	0.450000	0.000000	45.000000	80.000000	12.439002	0.164634
34.500000	0.450000	0.000000	57.000000	80.000000	12.621929	0.164634
35.000000	0.450000	0.000000	45.000000	80.000000	12.804855	0.164634
35.500000	0.450000	0.000000	57.000000	80.000000	12.987781	0.164634
36.000000	0.450000	0.000000	45.000000	80.000000	13.170708	0.164634
36.500000	0.450000	0.000000	57.000000	80.000000	13.353634	0.164634
37.000000	0.450000	0.000000	45.000000	80.000000	13.536561	0.164634
37.500000	0.450000	0.000000	57.000000	80.000000	13.719487	0.164634
38.000000	0.450000	0.000000	45.000000	80.000000	13.902414	0.164634
38.500000	0.450000	0.000000	57.000000	80.000000	14.085340	0.164634
39.000000	0.450000	0.000000	45.000000	80.000000	14.268267	0.164634
39.500000	0.450000	0.000000	57.000000	80.000000	14.451193	0.164634
40.000000	0.450000	0.000000	45.000000	80.000000	14.634120	0.164634
40.500000	0.450000	0.000000	57.000000	80.000000	14.817046	0.164634
41.000000	0.450000	0.000000	45.000000	80.000000	14.999973	0.164634
41.500000	0.450000	0.000000	57.000000	80.000000	15.182899	0.164634
42.000000	0.450000	0.000000	45.000000	80.000000	15.365826	0.164634
42.500000	0.450000	0.000000	57.000000	80.000000	15.548752	0.164634
43.000000	0.450000	0.000000	45.000000	80.000000	15.731679	0.164634
43.500000	0.450000	0.000000	57.000000	80.000000	15.914605	0.164634
44.000000	0.450000	0.000000	45.000000	80.000000	16.097532	0.164634
44.500000	0.450000	0.000000	64.000000	80.000000	16.280458	0.164634
44.500000	0.450000	0.000000	57.000000	80.000000	16.280458	0.164634
45.000000	0.450000	0.000000	64.000000	80.000000	16.463385	0.164634
45.000000	0.450000	0.000000	57.000000	80.000000	16.463385	0.164634
45.500000	0.450000	0.000000	64.000000	80.000000	16.646311	0.164634
45.500000	0.450000	0.000000	57.000000	80.000000	16.646311	0.164634
46.000000	0.450000	0.000000	64.000000	80.000000	16.829238	0.164634
46.000000	0.450000	0.000000	57.000000	80.000000	16.829238	0.164634
46.500000	0.450000	0.000000	64.000000	80.000000	17.012164	0.164634
46.500000	0.450000	0.000000	57.000000	80.000000	17.012164	0.164634
47.000000	0.450000	0.000000	64.000000	80.000000	17.195091	0.164634
47.000000	0.450000	0.000000	57.000000	80.000000	17.195091	0.164634
47.500000	0.450000	0.000000	64.000000	80.000000	17.378017	0.164634
47.500000	0.450000	0.000000	57.000000	80.000000	17.378017	0.164634
48.000000	0.450000	0.000000	61.000000	80.000000	17.560944	0.164634
48.500000	0.450000	0.000000	57.000000	80.000000	17.743870	0.164634
49.000000	0.450000	0.000000	73.000000	80.000000	17.926797	0.164634
49.500000	0.450000	0.000000	57.000000	80.000000	18.109723	0.164634
50.000000	0.450000	0.000000	61.000000	80.000000	18.292650	0.164634
50.500000	0.450000	0.000000	57.000000	80.000000	18.475576	0.164634
51.000000	0.450000	0.000000	73.000000	80.000000	18.658503	0.164634
51.500000	0.450000	0.000000	57.000000	80.000000	18.841429	0.164634
52.000000	0.450000	0.000000	64.000000	80.000000	19.024356	0.164634
52.500000	0.450000	0.000000	59.000000	80.000000	19.207282	0.164634
53.000000	0.450000	0.000000	69.000000	80.000000	19.390209	0.164634
53.500000	0.450000	0.000000	59.000000	80.000000	19.573135	0.164634
54.000000	0.450000	0.000000	64.000000	80.000000	19.756062	0.164634
54.500000	0.450000	0.000000	59.000000	80.000000	19.938988	0.164634
55.000000	0.450000	0.000000	69.000000	80.000000	20.121915	0.164634
55.500000	0.450000	0.000000	59.000000	80.000000	20.304841	0.164634
56.000000	0.450000	0.000000	62.000000	80.000000	20.487768	0.164634
56.500000	0.450000	0.000000	57.000000	80.000000	20.670694	0.164634
57.000000	0.450000	0.000000	69.000000	80.000000	20.853621	0.164634
57.500000	0.450000	0.000000	57.000000	80.000000	21.036547	0.164634
58.000000	0.450000	0.000000	62.000000	80.000000	21.219474	0.164634
58.500000	0.450000	0.000000	57.000000	80.000000	21.402400	0.164634
59.000000	0.450000	0.000000	69.000000	80.000000	21.585327	0.164634
59.500000	0.450000	0.000000	57.000000	80.000000	21.768254	0.164634
60.000000	0.450000	0.000000	61.000000	80.000000	21.951180	0.164634
60.500000	0.450000	0.000000	57.000000	80.000000	22.134107	0.164634
61.000000	0.450000	0.000000	69.000000	80.000000	22.317033	0.164634
61.500000	0.450000	0.000000	57.000000	80.000000	22.499960	0.164634
62.000000	0.450000	0.000000	56.000000	80.000000	22.682886	0.164634
62.500000	0.450000	0.000000	61.000000	80.000000	22.865813	0.164634
63.000000	0.450000	0.000000	64.000000	80.000000	23.048739	0.164634
63.500000	0.450000	0.000000	61.000000	80.000000	23.231666	0.164634
64.000000	0.450000	0.000000	54.000000	80.000000	23.414592	0.164634
64.500000	0.450000	0.000000	61.000000	80.000000	23.597519	0.164634
65.000000	0.450000	0.000000	69.000000	80.000000	23.780445	0.164634
65.500000	0.450000	0.000000	61.000000	80.000000	23.963372	0.164634
66.000000	0.450000	0.000000	64.000000	80.000000	24.146298	0.164634
66.500000	0.450000	0.000000	61.000000	80.000000	24.329225	0.164634
67.000000	0.450000	0.000000	69.000000	80.000000	24.512151	0.164634
67.500000	0.450000	0.000000	61.000000	80.000000	24.695078	0.164634
68.000000	0.450000	0.000000	63.000000	80.000000	24.878004	0.164634
68.500000	0.450000	0.000000	59.000000	80.000000	25.060931	0.164634
69.000000	0.450000	0.000000	71.000000	80.000000	25.243857	0.164634
69.500000	0.450000	0.000000	59.000000	80.000000	25.426784	0.164634
70.000000	0.450000	0.000000	63.000000	80.000000	25.609710	0.164634
70.500000	0.450000	0.000000	59.000000	80.000000	25.792637	0.164634
71.000000	0.450000	0.000000	71.000000	80.000000	25.975563	0.164634
71.500000	0.450000	0.000000	59.000000	80.000000	26.158490	0.164634
72.000000	0.450000	0.000000	64.000000	80.000000	26.341416	0.164634
72.500000	0.450000	0.000000	62.000000	80.000000	26.524343	0.164634
73.000000	0.450000	0.000000	69.000000	80.000000	26.707269	0.164634
73.500000	0.450000	0.000000	62.000000	80.000000	26.890196	0.164634
74.000000	0.450000	0.000000	64.000000	80.000000	27.073122	0.164634
74.500000	0.450000	0.000000	62.000000	80.000000	27.256049	0.164634
75.000000	0.450000	0.000000	69.000000	80.000000	27.438975	0.164634
75.500000	0.450000	0.000000	62.000000	80.000000	27.621902	0.164634
76.000000	0.450000	0.000000	64.000000	80.000000	27.804828	0.164634
76.500000	0.450000	0.000000	59.000000	80.000000	27.987755	0.164634
77.000000	0.450000	0.000000	68.000000	80.000000	28.170681	0.164634
77.500000	0.450000	0.000000	59.000000	80.000000	28.353608	0.164634
78.000000	0.450000	0.000000	64.000000	80.000000	28.536534	0.164634
78.500000	0.450000	0.000000	59.000000	80.000000	28.719461	0.164634
79.000000	0.450000	0.000000	52.000000	80.000000	28.902387	0.164634
79.500000	0.450000	0.000000	47.000000	80.000000	29.085314	0.164634
80.000000	0.450000	0.000000	45.000000	80.000000	29.268240	0.164634
80.500000	0.450000	0.000000	52.000000	80.000000	29.451167	0.164634
81.000000	0.450000	0.000000	61.000000	80.000000	29.634093	0.164634
81.500000	0.450000	0.000000	52.000000	80.000000	29.817020	0.164634
82.000000	0.450000	0.000000	45.000000	80.000000	29.999946	0.164634
82.500000	0.450000	0.000000	52.000000	80.000000	30.182873	0.164634
83.000000	0.450000	0.000000	61.000000	80.000000	30.365799	0.164634
83.500000	0.450000	0.000000	52.000000	80.000000	30.548726	0.164634
84.000000	0.450000	0.000000	40.000000	80.000000	30.731652	0.164634
84.500000	0.450000	0.000000	47.000000	80.000000	30.914579	0.164634
85.000000	0.450000	0.000000	57.000000	80.000000	31.097505	0.164634
85.500000	0.450000	0.000000	47.000000	80.000000	31.280432	0.164634
86.000000	0.450000	0.000000	41.000000	80.000000	31.463358	0.164634
86.500000	0.450000	0.000000	47.000000	80.000000	31.646285	0.164634
87.000000	0.450000	0.000000	56.000000	80.000000	31.829211	0.164634
87.500000	0.450000	0.000000	47.000000	80.000000	32.012138	0.164634
88.000000	0.450000	0.000000	42.000000	80.000000	32.195064	0.164634
88.500000	0.450000	0.000000	49.000000	80.000000	32.377991	0.164634
89.000000	0.450000	0.000000	57.000000	80.000000	32.560917	0.164634
89.500000	0.450000	0.000000	49.000000	80.000000	32.743844	0.164634
90.000000	0.450000	0.000000	40.000000	80.000000	32.926770	0.164634
90.500000	0.450000	0.000000	49.000000	80.000000	33.109697	0.164634
91.000000	0.450000	0.000000	57.000000	80.000000	33.292623	0.164634
91.500000	0.450000	0.000000	49.000000	80.000000	33.475550	0.164634
92.000000	0.450000	0.000000	39.000000	80.000000	33.658476	0.164634
92.500000	0.450000	0.000000	47.000000	80.000000	33.841403	0.164634
93.000000	0.450000	0.000000	54.000000	80.000000	34.024329	0.164634
93.500000	0.450000	0.000000	47.000000	80.000000	34.207256	0.164634
94.000000	0.450000	0.000000	39.000000	80.000000	34.390182	0.164634
94.500000	0.450000	0.000000	47.000000	80.000000	34.573109	0.164634
95.000000	0.450000	0.000000	54.000000	80.000000	34.756035	0.164634
95.500000	0.450000	0.000000	47.000000	80.000000	34.938962	0.164634
96.000000	0.450000	0.000000	38.000000	80.000000	35.121888	0.164634
96.500000	0.450000	0.000000	45.000000	80.000000	35.304815	0.164634
97.000000	0.450000	0.000000	54.000000	80.000000	35.487741	0.164634
97.500000	0.450000	0.000000	45.000000	80.000000	35.670668	0.164634
98.000000	0.450000	0.000000	38.000000	80.000000	35.853594	0.164634
98.500000	0.450000	0.000000	45.000000	80.000000	36.036521	0.164634
99.000000	0.450000	0.000000	54.000000	80.000000	36.219447	0.164634
99.500000	0.450000	0.000000	45.000000	80.000000	36.402374	0.164634
100.000000	0.450000	0.000000	37.000000	80.000000	36.585300	0.164634
100.500000	0.450000	0.000000	45.000000	80.000000	36.768227	0.164634
101.000000	0.450000	0.000000	52.000000	80.000000	36.951153	0.164634
101.500000	0.450000	0.000000	45.000000	80.000000	37.134080	0.164634
102.000000	0.450000	0.000000	37.000000	80.000000	37.317006	0.164634
102.500000	0.450000	0.000000	45.000000	80.000000	37.499933	0.164634
103.000000	0.450000	0.000000	52.000000	80.000000	37.682859	0.164634
103.500000	0.450000	0.000000	45.000000	80.000000	37.865786	0.164634
104.000000	0.450000	0.000000	38.000000	80.000000	38.048712	0.164634
104.500000	0.450000	0.000000	45.000000	80.000000	38.231639	0.164634
105.000000	0.450000	0.000000	54.000000	80.000000	38.414565	0.164634
105.500000	0.450000	0.000000	45.000000	80.000000	38.597492	0.164634
106.000000	0.450000	0.000000	38.000000	80.000000	38.780418	0.164634
106.500000	0.450000	0.000000	45.000000	80.000000	38.963345	0.164634
107.000000	0.450000	0.000000	54.000000	80.000000	39.146271	0.164634
107.500000	0.450000	0.000000	45.000000	80.000000	39.329198	0.164634
108.000000	0.450000	0.000000	40.000000	80.000000	39.512124	0.164634
108.500000	0.450000	0.000000	47.000000	80.000000	39.695051	0.164634
109.000000	0.450000	0.000000	56.000000	80.000000	39.877977	0.164634
109.500000	0.450000	0.000000	47.000000	80.000000	40.060904	0.164634
110.000000	0.450000	0.000000	40.000000	80.000000	40.243830	0.164634
110.500000	0.450000	0.000000	47.000000	80.000000	40.426757	0.164634
111.000000	0.450000	0.000000	56.000000	80.000000	40.609683	0.164634
111.500000	0.450000	0.000000	47.000000	80.000000	40.792610	0.164634
112.000000	0.450000	0.000000	45.000000	80.000000	40.975536	0.164634
112.500000	0.450000	0.000000	52.000000	80.000000	41.158463	0.164634
113.000000	0.450000	0.000000	57.000000	80.000000	41.341389	0.164634
113.500000	0.450000	0.000000	52.000000	80.000000	41.524316	0.164634
114.000000	0.450000	0.000000	45.000000	80.000000	41.707242	0.164634
114.500000	0.450000	0.000000	52.000000	80.000000	41.890169	0.164634
115.000000	0.450000	0.000000	57.000000	80.000000	42.073095	0.164634
115.500000	0.450000	0.000000	52.000000	80.000000	42.256022	0.164634
116.000000	0.450000	0.000000	45.000000	80.000000	42.438948	0.164634
116.500000	0.450000	0.000000	52.000000	80.000000	42.621875	0.164634
117.000000	0.450000	0.000000	57.000000	80.000000	42.804801	0.164634
117.500000	0.450000	0.000000	52.000000	80.000000	42.987728	0.164634
118.000000	0.450000	0.000000	45.000000	80.000000	43.170654	0.164634
118.500000	0.450000	0.000000	52.000000	80.000000	43.353581	0.164634
119.000000	0.450000	0.000000	44.000000	80.000000	43.536507	0.164634
119.500000	0.450000	0.000000	52.000000	80.000000	43.719434	0.164634
120.000000	0.450000	0.000000	42.000000	80.000000	43.902360	0.164634
120.500000	0.450000	0.000000	49.000000	80.000000	44.085287	0.164634
120.500000	0.450000	0.000000	54.000000	80.000000	44.085287	0.164634
121.500000	0.450000	0.000000	42.000000	80.000000	44.451140	0.164634
122.000000	0.450000	0.000000	42.000000	80.000000	44.634066	0.164634
122.500000	0.450000	0.000000	49.000000	80.000000	44.816993	0.164634
122.500000	0.450000	0.000000	54.000000	80.000000	44.816993	0.164634
123.500000	0.450000	0.000000	42.000000	80.000000	45.182846	0.164634
124.000000	0.450000	0.000000	38.000000	80.000000	45.365772	0.164634
124.500000	0.450000	0.000000	45.000000	80.000000	45.548699	0.164634
124.500000	0.450000	0.000000	50.000000	80.000000	45.548699	0.164634
125.500000	0.450000	0.000000	38.000000	80.000000	45.914552	0.164634
126.000000	0.450000	0.000000	38.000000	80.000000	46.097478	0.164634
126.500000	0.450000	0.000000	45.000000	80.000000	46.280405	0.164634
126.500000	0.450000	0.000000	50.000000	80.000000	46.280405	0.164634
127.500000	0.450000	0.000000	38.000000	80.000000	46.646258	0.164634
128.000000	0.450000	0.000000	40.000000	80.000000	46.829184	0.164634
128.500000	0.450000	0.000000	47.000000	80.000000	47.012111	0.164634
128.500000	0.450000	0.000000	52.000000	80.000000	47.012111	0.164634
129.500000	0.450000	0.000000	40.000000	80.000000	47.377964	0.164634
130.000000	0.450000	0.000000	40.000000	80.000000	47.560890	0.164634
130.500000	0.450000	0.000000	47.000000	80.000000	47.743817	0.164634
130.500000	0.450000	0.000000	52.000000	80.000000	47.743817	0.164634
131.500000	0.450000	0.000000	40.000000	80.000000	48.109670	0.164634
132.000000	0.450000	0.000000	42.000000	80.000000	48.292596	0.164634
132.500000	0.450000	0.000000	49.000000	80.000000	48.475523	0.164634
132.500000	0.450000	0.000000	54.000000	80.000000	48.475523	0.164634
133.500000	0.450000	0.000000	42.000000	80.000000	48.841376	0.164634
134.000000	0.450000	0.000000	42.000000	80.000000	49.024302	0.164634
134.500000	0.450000	0.000000	49.000000	80.000000	49.207229	0.164634
134.500000	0.450000	0.000000	54.000000	80.000000	49.207229	0.164634
135.500000	0.450000	0.000000	42.000000	80.000000	49.573082	0.164634
136.000000	0.450000	0.000000	38.000000	80.000000	49.756008	0.164634
136.000000	0.450000	0.000000	45.000000	80.000000	49.756008	0.164634
136.500000	0.450000	0.000000	50.000000	80.000000	49.938935	0.164634
137.000000	0.450000	0.000000	38.000000	80.000000	50.121861	0.164634
137.000000	0.450000	0.000000	45.000000	80.000000	50.121861	0.164634
137.500000	0.450000	0.000000	50.000000	80.000000	50.304788	0.164634
138.000000	0.450000	0.000000	38.000000	80.000000	50.487714	0.164634
138.000000	0.450000	0.000000	45.000000	80.000000	50.487714	0.164634
138.500000	0.450000	0.000000	50.000000	80.000000	50.670641	0.164634
139.000000	0.450000	0.000000	38.000000	80.000000	50.853567	0.164634
139.000000	0.450000	0.000000	45.000000	80.000000	50.853567	0.164634
139.500000	0.450000	0.000000	50.000000	80.000000	51.036494	0.164634
140.000000	0.450000	0.000000	40.000000	80.000000	51.219420	0.164634
140.000000	0.450000	0.000000	47.000000	80.000000	51.219420	0.164634
140.500000	0.450000	0.000000	52.000000	80.000000	51.402347	0.164634
141.000000	0.450000	0.000000	40.000000	80.000000	51.585273	0.164634
141.000000	0.450000	0.000000	47.000000	80.000000	51.585273	0.164634
141.500000	0.450000	0.000000	52.000000	80.000000	51.768200	0.164634
142.000000	0.450000	0.000000	40.000000	80.000000	51.951126	0.164634
142.000000	0.450000	0.000000	47.000000	80.000000	51.951126	0.164634
142.500000	0.450000	0.000000	52.000000	80.000000	52.134053	0.164634
143.000000	0.450000	0.000000	40.000000	80.000000	52.316979	0.164634
143.000000	0.450000	0.000000	47.000000	80.000000	52.316979	0.164634
143.500000	0.450000	0.000000	52.000000	80.000000	52.499906	0.164634
144.000000	0.450000	0.000000	42.000000	80.000000	52.682832	0.164634
144.000000	0.450000	0.000000	49.000000	80.000000	52.682832	0.164634
144.500000	0.450000	0.000000	54.000000	80.000000	52.865759	0.164634
145.000000	0.450000	0.000000	42.000000	80.000000	53.048685	0.164634
145.000000	0.450000	0.000000	49.000000	80.000000	53.048685	0.164634
145.500000	0.450000	0.000000	54.000000	80.000000	53.231612	0.164634
146.000000	0.450000	0.000000	42.000000	80.000000	53.414538	0.164634
146.000000	0.450000	0.000000	49.000000	80.000000	53.414538	0.164634
146.500000	0.450000	0.000000	54.000000	80.000000	53.597465	0.164634
147.000000	0.450000	0.000000	42.000000	80.000000	53.780391	0.164634
147.000000	0.450000	0.000000	49.000000	80.000000	53.780391	0.164634
147.500000	0.450000	0.000000	54.000000	80.000000	53.963318	0.164634
148.000000	0.900000	0.000000	56.000000	80.000000	54.146244	0.329268
148.000000	0.900000	0.000000	52.000000	80.000000	54.146244	0.329268
148.000000	0.900000	0.000000	44.000000	80.000000	54.146244	0.329268
152.000000	0.450000	0.000000	52.000000	80.000000	55.609656	0.164634
152.000000	0.450000	0.000000	45.000000	80.000000	55.609656	0.164634
152.500000	0.450000	0.000000	57.000000	80.000000	55.792583	0.164634
153.000000	0.450000	0.000000	52.000000	80.000000	55.975509	0.164634
153.000000	0.450000	0.000000	45.000000	80.000000	55.975509	0.164634
153.500000	0.450000	0.000000	57.000000	80.000000	56.158436	0.164634
154.000000	0.450000	0.000000	52.000000	80.000000	56.341362	0.164634
154.000000	0.450000	0.000000	45.000000	80.000000	56.341362	0.164634
154.500000	0.450000	0.000000	57.000000	80.000000	56.524289	0.164634
155.000000	0.450000	0.000000	52.000000	80.000000	56.707215	0.164634
155.000000	0.450000	0.000000	45.000000	80.000000	56.707215	0.164634
155.500000	0.450000	0.000000	57.000000	80.000000	56.890142	0.164634
156.000000	0.450000	0.000000	52.000000	80.000000	57.073068	0.164634
156.000000	0.450000	0.000000	45.000000	80.000000	57.073068	0.164634
156.500000	0.450000	0.000000	57.000000	80.000000	57.255995	0.164634
157.000000	0.450000	0.000000	52.000000	80.000000	57.438921	0.164634
157.000000	0.450000	0.000000	45.000000	80.000000	57.438921	0.164634
157.500000	0.450000	0.000000	57.000000	80.000000	57.621848	0.164634
158.000000	0.450000	0.000000	52.000000	80.000000	57.804774	0.164634
158.000000	0.450000	0.000000	45.000000	80.000000	57.804774	0.164634
158.500000	0.450000	0.000000	57.000000	80.000000	57.987701	0.164634
159.000000	0.450000	0.000000	52.000000	80.000000	58.170627	0.164634
159.000000	0.450000	0.000000	45.000000	80.000000	58.170627	0.164634
159.500000	0.450000	0.000000	57.000000	80.000000	58.353554	0.164634
160.000000	0.450000	0.000000	40.000000	80.000000	58.536480	0.164634
160.000000	0.450000	0.000000	47.000000	80.000000	58.536480	0.164634
160.500000	0.450000	0.000000	52.000000	80.000000	58.719407	0.164634
161.000000	0.450000	0.000000	40.000000	80.000000	58.902333	0.164634
161.000000	0.450000	0.000000	47.000000	80.000000	58.902333	0.164634
161.500000	0.450000	0.000000	52.000000	80.000000	59.085260	0.164634
162.000000	0.450000	0.000000	40.000000	80.000000	59.268186	0.164634
162.000000	0.450000	0.000000	47.000000	80.000000	59.268186	0.164634
162.500000	0.450000	0.000000	52.000000	80.000000	59.451113	0.164634
163.000000	0.450000	0.000000	40.000000	80.000000	59.634039	0.164634
163.000000	0.450000	0.000000	47.000000	80.000000	59.634039	0.164634
163.500000	0.450000	0.000000	52.000000	80.000000	59.816966	0.164634
164.000000	0.450000	0.000000	40.000000	80.000000	59.999892	0.164634
164.000000	0.450000	0.000000	47.000000	80.000000	59.999892	0.164634
164.500000	0.450000	0.000000	52.000000	80.000000	60.182819	0.164634
165.000000	0.450000	0.000000	40.000000	80.000000	60.365745	0.164634
165.000000	0.450000	0.000000	47.000000	80.000000	60.365745	0.164634
165.500000	0.450000	0.000000	52.000000	80.000000	60.548672	0.164634
166.000000	0.450000	0.000000	40.000000	80.000000	60.731598	0.164634
166.000000	0.450000	0.000000	47.000000	80.000000	60.731598	0.164634
166.500000	0.450000	0.000000	52.000000	80.000000	60.914525	0.164634
167.000000	0.450000	0.000000	40.000000	80.000000	61.097451	0.164634
167.000000	0.450000	0.000000	47.000000	80.000000	61.097451	0.164634
167.500000	0.450000	0.000000	52.000000	80.000000	61.280378	0.164634
168.000000	0.450000	0.000000	38.000000	80.000000	61.463304	0.164634
168.000000	0.450000	0.000000	45.000000	80.000000	61.463304	0.164634
168.500000	0.450000	0.000000	50.000000	80.000000	61.646231	0.164634
169.000000	0.450000	0.000000	38.000000	80.000000	61.829157	0.164634
169.000000	0.450000	0.000000	45.000000	80.000000	61.829157	0.164634
169.500000	0.450000	0.000000	50.000000	80.000000	62.012084	0.164634
170.000000	0.450000	0.000000	38.000000	80.000000	62.195010	0.164634
170.000000	0.450000	0.000000	45.000000	80.000000	62.195010	0.164634
170.500000	0.450000	0.000000	50.000000	80.000000	62.377937	0.164634
171.000000	0.450000	0.000000	38.000000	80.000000	62.560863	0.164634
171.000000	0.450000	0.000000	45.000000	80.000000	62.560863	0.164634
171.500000	0.450000	0.000000	50.000000	80.000000	62.743790	0.164634
172.000000	0.450000	0.000000	38.000000	80.000000	62.926716	0.164634
172.000000	0.450000	0.000000	45.000000	80.000000	62.926716	0.164634
172.500000	0.450000	0.000000	50.000000	80.000000	63.109643	0.164634
173.000000	0.450000	0.000000	38.000000	80.000000	63.292569	0.164634
173.000000	0.450000	0.000000	45.000000	80.000000	63.292569	0.164634
173.500000	0.450000	0.000000	50.000000	80.000000	63.475496	0.164634
174.000000	0.900000	0.000000	54.000000	80.000000	63.658422	0.329268
174.000000	0.900000	0.000000	42.000000	80.000000	63.658422	0.329268
175.000000	0.900000	0.000000	56.000000	80.000000	64.024275	0.329268
175.000000	0.900000	0.000000	44.000000	80.000000	64.024275	0.329268
176.000000	0.450000	0.000000	45.000000	80.000000	64.390128	0.164634
176.500000	0.450000	0.000000	57.000000	80.000000	64.573055	0.164634
177.000000	0.450000	0.000000	45.000000	80.000000	64.755981	0.164634
177.500000	0.450000	0.000000	57.000000	80.000000	64.938908	0.164634
178.000000	0.450000	0.000000	45.000000	80.000000	65.121834	0.164634
178.500000	0.450000	0.000000	57.000000	80.000000	65.304761	0.164634
179.000000	0.450000	0.000000	45.000000	80.000000	65.487687	0.164634
179.500000	0.450000	0.000000	57.000000	80.000000	65.670614	0.164634
180.000000	0.450000	0.000000	45.000000	80.000000	65.853540	0.164634
180.500000	0.450000	0.000000	57.000000	80.000000	66.036467	0.164634
181.000000	0.450000	0.000000	45.000000	80.000000	66.219393	0.164634
181.500000	0.450000	0.000000	57.000000	80.000000	66.402320	0.164634
182.000000	0.450000	0.000000	45.000000	80.000000	66.585246	0.164634
182.500000	0.450000	0.000000	57.000000	80.000000	66.768173	0.164634
183.000000	0.450000	0.000000	45.000000	80.000000	66.951099	0.164634
183.500000	0.450000	0.000000	57.000000	80.000000	67.134026	0.164634
184.000000	0.450000	0.000000	37.000000	80.000000	67.316952	0.164634
184.500000	0.450000	0.000000	49.000000	80.000000	67.499879	0.164634
185.000000	0.450000	0.000000	37.000000	80.000000	67.682805	0.164634
185.500000	0.450000	0.000000	49.000000	80.000000	67.865732	0.164634
186.000000	0.450000	0.000000	37.000000	80.000000	68.048658	0.164634
186.500000	0.450000	0.000000	49.000000	80.000000	68.231585	0.164634
187.000000	0.450000	0.000000	37.000000	80.000000	68.414511	0.164634
187.500000	0.450000	0.000000	49.000000	80.000000	68.597438	0.164634
188.000000	0.450000	0.000000	38.000000	80.000000	68.780364	0.164634
188.500000	0.450000	0.000000	50.000000	80.000000	68.963291	0.164634
189.000000	0.450000	0.000000	38.000000	80.000000	69.146217	0.164634
189.500000	0.450000	0.000000	50.000000	80.000000	69.329144	0.164634
190.000000	0.450000	0.000000	38.000000	80.000000	69.512070	0.164634
190.500000	0.450000	0.000000	50.000000	80.000000	69.694997	0.164634
191.000000	0.450000	0.000000	38.000000	80.000000	69.877923	0.164634
191.500000	0.450000	0.000000	50.000000	80.000000	70.060850	0.164634
192.000000	0.450000	0.000000	40.000000	80.000000	70.243776	0.164634
192.500000	0.450000	0.000000	52.000000	80.000000	70.426703	0.164634
193.000000	0.450000	0.000000	40.000000	80.000000	70.609629	0.164634
193.500000	0.450000	0.000000	52.000000	80.000000	70.792556	0.164634
194.000000	0.450000	0.000000	40.000000	80.000000	70.975482	0.164634
194.500000	0.450000	0.000000	52.000000	80.000000	71.158409	0.164634
195.000000	0.450000	0.000000	40.000000	80.000000	71.341335	0.164634
195.500000	0.450000	0.000000	52.000000	80.000000	71.524262	0.164634
196.000000	0.450000	0.000000	41.000000	80.000000	71.707188	0.164634
196.500000	0.450000	0.000000	53.000000	80.000000	71.890115	0.164634
197.000000	0.450000	0.000000	41.000000	80.000000	72.073041	0.164634
197.500000	0.450000	0.000000	53.000000	80.000000	72.255968	0.164634
198.000000	0.450000	0.000000	41.000000	80.000000	72.438894	0.164634
198.500000	0.450000	0.000000	53.000000	80.000000	72.621821	0.164634
199.000000	0.450000	0.000000	41.000000	80.000000	72.804747	0.164634
199.500000	0.450000	0.000000	53.000000	80.000000	72.987674	0.164634
200.000000	0.450000	0.000000	42.000000	80.000000	73.170600	0.164634
200.000000	0.450000	0.000000	54.000000	80.000000	73.170600	0.164634
200.500000	0.450000	0.000000	42.000000	80.000000	73.353527	0.164634
200.500000	0.450000	0.000000	54.000000	80.000000	73.353527	0.164634
202.000000	1.800000	0.000000	61.000000	80.000000	73.902306	0.658535
202.000000	1.800000	0.000000	57.000000	80.000000	73.902306	0.658535
202.000000	1.800000	0.000000	54.000000	80.000000	73.902306	0.658535
204.000000	0.450000	0.000000	52.000000	80.000000	74.634012	0.164634
204.000000	0.450000	0.000000	40.000000	80.000000	74.634012	0.164634
204.500000	0.450000	0.000000	52.000000	80.000000	74.816939	0.164634
204.500000	0.450000	0.000000	40.000000	80.000000	74.816939	0.164634
206.000000	1.800000	0.000000	61.000000	80.000000	75.365718	0.658535
206.000000	1.800000	0.000000	56.000000	80.000000	75.365718	0.658535
206.000000	1.800000	0.000000	52.000000	80.000000	75.365718	0.658535
208.000000	0.450000	0.000000	38.000000	80.000000	76.097424	0.164634
208.000000	0.450000	0.000000	50.000000	80.000000	76.097424	0.164634
208.500000	0.450000	0.000000	38.000000	80.000000	76.280351	0.164634
208.500000	0.450000	0.000000	50.000000	80.000000	76.280351	0.164634
210.000000	1.800000	0.000000	57.000000	80.000000	76.829130	0.658535
210.000000	1.800000	0.000000	54.000000	80.000000	76.829130	0.658535
210.000000	1.800000	0.000000	50.000000	80.000000	76.829130	0.658535
212.000000	0.450000	0.000000	37.000000	80.000000	77.560836	0.164634
212.000000	0.450000	0.000000	49.000000	80.000000	77.560836	0.164634
212.500000	0.450000	0.000000	37.000000	80.000000	77.743763	0.164634
212.500000	0.450000	0.000000	49.000000	80.000000	77.743763	0.164634
214.000000	1.800000	0.000000	57.000000	80.000000	78.292542	0.658535
214.000000	1.800000	0.000000	52.000000	80.000000	78.292542	0.658535
214.000000	1.800000	0.000000	49.000000	80.000000	78.292542	0.658535
216.000000	0.450000	0.000000	35.000000	80.000000	79.024248	0.164634
216.000000	0.450000	0.000000	47.000000	80.000000	79.024248	0.164634
216.500000	0.450000	0.000000	35.000000	80.000000	79.207175	0.164634
216.500000	0.450000	0.000000	47.000000	80.000000	79.207175	0.164634
217.000000	0.450000	0.000000	35.000000	80.000000	79.390101	0.164634
217.000000	0.450000	0.000000	47.000000	80.000000	79.390101	0.164634
217.500000	0.450000	0.000000	35.000000	80.000000	79.573028	0.164634
217.500000	0.450000	0.000000	47.000000	80.000000	79.573028	0.164634
218.000000	0.450000	0.000000	35.000000	80.000000	79.755954	0.164634
218.000000	0.450000	0.000000	47.000000	80.000000	79.755954	0.164634
218.500000	0.450000	0.000000	35.000000	80.000000	79.938881	0.164634
218.500000	0.450000	0.000000	47.000000	80.000000	79.938881	0.164634
219.000000	0.450000	0.000000	35.000000	80.000000	80.121807	0.164634
219.000000	0.450000	0.000000	47.000000	80.000000	80.121807	0.164634
219.500000	0.450000	0.000000	35.000000	80.000000	80.304734	0.164634
219.500000	0.450000	0.000000	47.000000	80.000000	80.304734	0.164634
220.000000	0.450000	0.000000	37.000000	80.000000	80.487660	0.164634
220.000000	0.450000	0.000000	49.000000	80.000000	80.487660	0.164634
220.500000	0.450000	0.000000	37.000000	80.000000	80.670587	0.164634
220.500000	0.450000	0.000000	49.000000	80.000000	80.670587	0.164634
221.000000	0.450000	0.000000	37.000000	80.000000	80.853513	0.164634
221.000000	0.450000	0.000000	49.000000	80.000000	80.853513	0.164634
221.500000	0.450000	0.000000	37.000000	80.000000	81.036440	0.164634
221.500000	0.450000	0.000000	49.000000	80.000000	81.036440	0.164634
222.000000	0.450000	0.000000	37.000000	80.000000	81.219366	0.164634
222.000000	0.450000	0.000000	49.000000	80.000000	81.219366	0.164634
222.500000	0.450000	0.000000	37.000000	80.000000	81.402293	0.164634
222.500000	0.450000	0.000000	49.000000	80.000000	81.402293	0.164634
223.000000	0.450000	0.000000	37.000000	80.000000	81.585219	0.164634
223.000000	0.450000	0.000000	49.000000	80.000000	81.585219	0.164634
223.500000	0.450000	0.000000	37.000000	80.000000	81.768146	0.164634
223.500000	0.450000	0.000000	49.000000	80.000000	81.768146	0.164634
224.000000	0.450000	0.000000	38.000000	80.000000	81.951072	0.164634
224.000000	0.450000	0.000000	50.000000	80.000000	81.951072	0.164634
224.500000	0.450000	0.000000	38.000000	80.000000	82.133999	0.164634
224.500000	0.450000	0.000000	50.000000	80.000000	82.133999	0.164634
225.000000	0.450000	0.000000	38.000000	80.000000	82.316925	0.164634
225.000000	0.450000	0.000000	50.000000	80.000000	82.316925	0.164634
225.500000	0.450000	0.000000	38.000000	80.000000	82.499852	0.164634
225.500000	0.450000	0.000000	50.000000	80.000000	82.499852	0.164634
226.000000	0.900000	0.000000	38.000000	80.000000	82.682778	0.329268
226.000000	0.900000	0.000000	50.000000	80.000000	82.682778	0.329268
228.000000	1.350000	0.000000	52.000000	80.000000	83.414484	0.493902
228.000000	1.350000	0.000000	40.000000	80.000000	83.414484	0.493902
229.500000	0.950000	0.000000	41.000000	80.000000	83.963264	0.347560
229.500000	0.950000	0.000000	53.000000	80.000000	83.963264	0.347560
230.500000	0.900000	0.000000	43.000000	80.000000	84.329117	0.329268
230.500000	0.900000	0.000000	55.000000	80.000000	84.329117	0.329268
231.500000	0.450000	0.000000	55.000000	80.000000	84.694970	0.164634
231.500000	0.450000	0.000000	43.000000	80.000000	84.694970	0.164634
232.000000	0.450000	0.000000	45.000000	80.000000	84.877896	0.164634
232.500000	0.450000	0.000000	57.000000	80.000000	85.060823	0.164634
233.000000	0.450000	0.000000	45.000000	80.000000	85.243749	0.164634
233.500000	0.450000	0.000000	57.000000	80.000000	85.426676	0.164634
234.000000	0.450000	0.000000	45.000000	80.000000	85.609602	0.164634
234.500000	0.450000	0.000000	57.000000	80.000000	85.792529	0.164634
235.000000	0.450000	0.000000	45.000000	80.000000	85.975455	0.164634
235.500000	0.450000	0.000000	57.000000	80.000000	86.158382	0.164634
236.000000	0.450000	0.000000	45.000000	80.000000	86.341308	0.164634
236.500000	0.450000	0.000000	57.000000	80.000000	86.524235	0.164634
237.000000	0.450000	0.000000	45.000000	80.000000	86.707161	0.164634
237.500000	0.450000	0.000000	57.000000	80.000000	86.890088	0.164634
238.000000	0.450000	0.000000	45.000000	80.000000	87.073014	0.164634
238.500000	0.450000	0.000000	57.000000	80.000000	87.255941	0.164634
239.000000	0.450000	0.000000	45.000000	80.000000	87.438867	0.164634
239.500000	0.450000	0.000000	57.000000	80.000000	87.621794	0.164634
240.000000	0.450000	0.000000	45.000000	80.000000	87.804720	0.164634
240.500000	0.450000	0.000000	57.000000	80.000000	87.987647	0.164634
241.000000	0.450000	0.000000	45.000000	80.000000	88.170573	0.164634
241.500000	0.450000	0.000000	57.000000	80.000000	88.353500	0.164634
242.000000	0.450000	0.000000	45.000000	80.000000	88.536426	0.164634
242.500000	0.450000	0.000000	57.000000	80.000000	88.719353	0.164634
243.000000	0.450000	0.000000	45.000000	80.000000	88.902279	0.164634
243.500000	0.450000	0.000000	57.000000	80.000000	89.085206	0.164634
244.000000	0.450000	0.000000	45.000000	80.000000	89.268132	0.164634
244.500000	0.450000	0.000000	57.000000	80.000000	89.451059	0.164634
245.000000	0.450000	0.000000	45.000000	80.000000	89.633985	0.164634
245.500000	0.450000	0.000000	57.000000	80.000000	89.816912	0.164634
246.000000	0.450000	0.000000	45.000000	80.000000	89.999838	0.164634
246.500000	0.450000	0.000000	57.000000	80.000000	90.182765	0.164634
247.000000	0.450000	0.000000	45.000000	80.000000	90.365691	0.164634
247.500000	0.450000	0.000000	57.000000	80.000000	90.548618	0.164634
248.000000	0.450000	0.000000	45.000000	80.000000	90.731544	0.164634
248.500000	0.450000	0.000000	57.000000	80.000000	90.914471	0.164634
249.000000	0.450000	0.000000	45.000000	80.000000	91.097397	0.164634
249.500000	0.450000	0.000000	57.000000	80.000000	91.280324	0.164634
250.000000	0.450000	0.000000	45.000000	80.000000	91.463250	0.164634
250.500000	0.450000	0.000000	57.000000	80.000000	91.646177	0.164634
251.000000	0.450000	0.000000	45.000000	80.000000	91.829103	0.164634
251.500000	0.450000	0.000000	57.000000	80.000000	92.012030	0.164634
252.000000	0.450000	0.000000	45.000000	80.000000	92.194956	0.164634
252.500000	0.450000	0.000000	57.000000	80.000000	92.377883	0.164634
253.000000	0.450000	0.000000	45.000000	80.000000	92.560809	0.164634
253.500000	0.450000	0.000000	57.000000	80.000000	92.743736	0.164634
254.000000	0.450000	0.000000	45.000000	80.000000	92.926662	0.164634
254.500000	0.450000	0.000000	57.000000	80.000000	93.109589	0.164634
255.000000	0.450000	0.000000	45.000000	80.000000	93.292515	0.164634
255.500000	0.450000	0.000000	57.000000	80.000000	93.475442	0.164634
256.000000	0.450000	0.000000	42.000000	80.000000	93.658368	0.164634
256.500000	0.450000	0.000000	54.000000	80.000000	93.841295	0.164634
257.000000	0.450000	0.000000	42.000000	80.000000	94.024221	0.164634
257.500000	0.450000	0.000000	54.000000	80.000000	94.207148	0.164634
258.000000	0.450000	0.000000	42.000000	80.000000	94.390074	0.164634
258.500000	0.450000	0.000000	54.000000	80.000000	94.573001	0.164634
259.000000	0.450000	0.000000	42.000000	80.000000	94.755927	0.164634
259.500000	0.450000	0.000000	54.000000	80.000000	94.938854	0.164634
260.000000	0.450000	0.000000	44.000000	80.000000	95.121780	0.164634
260.500000	0.450000	0.000000	56.000000	80.000000	95.304707	0.164634
261.000000	0.450000	0.000000	44.000000	80.000000	95.487633	0.164634
261.500000	0.450000	0.000000	56.000000	80.000000	95.670560	0.164634
262.000000	0.450000	0.000000	44.000000	80.000000	95.853486	0.164634
262.500000	0.450000	0.000000	56.000000	80.000000	96.036413	0.164634
263.000000	0.450000	0.000000	44.000000	80.000000	96.219339	0.164634
263.500000	0.450000	0.000000	56.000000	80.000000	96.402266	0.164634
266.000000	5.600000	0.000000	57.000000	80.000000	97.316898	2.048777
266.000000	5.600000	0.000000	52.000000	80.000000	97.316898	2.048777
266.000000	5.600000	0.000000	45.000000	80.000000	97.316898	2.048777
