0.000000	2.000000	0.000000	70.000000	114.000000	0.000000	1.621620
2.000000	2.000000	0.000000	72.000000	104.000000	1.621620	1.621620
4.000000	2.000000	0.000000	73.000000	114.000000	3.243240	1.621620
6.000000	1.500000	0.000000	72.000000	104.000000	4.864860	1.216215
7.500000	0.500000	0.000000	65.000000	93.000000	6.081075	0.405405
8.000000	2.000000	0.000000	75.000000	114.000000	6.486480	1.621620
10.000000	2.000000	0.000000	73.000000	104.000000	8.108100	1.621620
12.000000	7.000000	0.000000	68.000000	114.000000	9.729720	5.675670
19.000000	0.500000	0.000000	63.000000	93.000000	15.405390	0.405405
19.500000	0.250000	0.000000	65.000000	93.000000	15.810795	0.202702
19.750000	1.250000	0.000000	68.000000	93.000000	16.013497	1.013513
21.000000	0.500000	0.000000	63.000000	93.000000	17.027010	0.405405
21.500000	0.250000	0.000000	65.000000	93.000000	17.432415	0.202703
21.750000	1.250000	0.000000	68.000000	93.000000	17.635117	1.013513
23.000000	0.500000	0.000000	63.000000	93.000000	18.648630	0.405405
23.500000	0.250000	0.000000	65.000000	93.000000	19.054035	0.202703
23.750000	0.750000	0.000000	70.000000	93.000000	19.256737	0.608107
24.500000	0.250000	0.000000	68.000000	114.000000	19.864845	0.202703
24.750000	0.500000	0.000000	70.000000	114.000000	20.067547	0.405405
25.250000	0.500000	0.000000	72.000000	93.000000	20.472952	0.405405
25.750000	1.250000	0.000000	65.000000	93.000000	20.878357	1.013513
27.750000	0.250000	0.000000	63.000000	93.000000	22.499977	0.202703
28.000000	0.500000	0.000000	70.000000	114.000000	22.702680	0.405405
28.500000	0.250000	0.000000	68.000000	114.000000	23.108085	0.202703
28.750000	0.750000	0.000000	70.000000	114.000000	23.310787	0.608107
29.500000	0.250000	0.000000	68.000000	93.000000	23.918895	0.202703
29.750000	0.750000	0.000000	65.000000	93.000000	24.121597	0.608107
30.500000	0.250000	0.000000	63.000000	104.000000	24.729705	0.202703
30.750000	0.500000	0.000000	65.000000	104.000000	24.932407	0.405405
31.250000	0.500000	0.000000	68.000000	93.000000	25.337812	0.405405
31.750000	3.250000	0.000000	72.000000	93.000000	25.743217	2.635133
35.000000	0.250000	0.000000	58.000000	93.000000	28.378350	0.202703
35.000000	0.250000	0.000000	63.000000	93.000000	28.378350	0.202703
35.250000	0.250000	0.000000	65.000000	93.000000	28.581052	0.202703
35.500000	0.250000	0.000000	70.000000	93.000000	28.783755	0.202703
35.750000	1.250000	0.000000	68.000000	93.000000	28.986457	1.013513
37.000000	0.250000	0.000000	63.000000	93.000000	29.999970	0.202703
37.250000	0.250000	0.000000	65.000000	93.000000	30.202672	0.202703
37.500000	0.250000	0.000000	70.000000	93.000000	30.405375	0.202703
37.750000	1.000000	0.000000	68.000000	93.000000	30.608077	0.810810
38.750000	0.250000	0.000000	63.000000	104.000000	31.418887	0.202703
39.000000	0.250000	0.000000	63.000000	93.000000	31.621590	0.202703
39.250000	0.250000	0.000000	65.000000	93.000000	31.824292	0.202703
39.500000	0.250000	0.000000	68.000000	93.000000	32.026995	0.202703
39.750000	0.750000	0.000000	70.000000	93.000000	32.229698	0.608108
40.500000	0.250000	0.000000	68.000000	114.000000	32.837805	0.202703
40.750000	0.750000	0.000000	70.000000	114.000000	33.040508	0.608108
41.500000	0.250000	0.000000	72.000000	93.000000	33.648615	0.202703
41.750000	1.250000	0.000000	65.000000	93.000000	33.851318	1.013512
43.750000	0.250000	0.000000	65.000000	93.000000	35.472938	0.202703
44.000000	0.500000	0.000000	70.000000	114.000000	35.675640	0.405405
44.500000	0.250000	0.000000	68.000000	114.000000	36.081045	0.202703
44.750000	0.750000	0.000000	70.000000	114.000000	36.283748	0.608108
45.500000	0.250000	0.000000	72.000000	93.000000	36.891855	0.202703
45.750000	0.750000	0.000000	75.000000	93.000000	37.094558	0.608108
46.500000	0.250000	0.000000	72.000000	104.000000	37.702665	0.202703
46.750000	0.500000	0.000000	70.000000	104.000000	37.905368	0.405405
47.250000	0.500000	0.000000	68.000000	93.000000	38.310773	0.405405
47.750000	1.250000	0.000000	68.000000	93.000000	38.716178	1.013512
49.750000	0.250000	0.000000	68.000000	93.000000	40.337798	0.202703
50.000000	0.500000	0.000000	72.000000	104.000000	40.540500	0.405405
50.500000	0.250000	0.000000	75.000000	104.000000	40.945905	0.202703
50.750000	0.500000	0.000000	75.000000	104.000000	41.148608	0.405405
51.250000	0.500000	0.000000	68.000000	93.000000	41.554013	0.405405
51.750000	1.250000	0.000000	68.000000	93.000000	41.959418	1.013512
53.750000	0.250000	0.000000	68.000000	93.000000	43.581038	0.202703
54.000000	0.500000	0.000000	72.000000	104.000000	43.783740	0.405405
54.500000	0.250000	0.000000	75.000000	104.000000	44.189145	0.202703
54.750000	0.500000	0.000000	75.000000	104.000000	44.391848	0.405405
55.250000	0.500000	0.000000	68.000000	93.000000	44.797253	0.405405
55.750000	1.250000	0.000000	70.000000	93.000000	45.202658	1.013512
57.750000	0.250000	0.000000	68.000000	93.000000	46.824278	0.202703
58.000000	0.500000	0.000000	72.000000	104.000000	47.026980	0.405405
58.500000	0.250000	0.000000	75.000000	104.000000	47.432385	0.202703
58.750000	0.500000	0.000000	75.000000	104.000000	47.635088	0.405405
59.250000	0.500000	0.000000	68.000000	93.000000	48.040493	0.405405
59.750000	0.750000	0.000000	68.000000	93.000000	48.445898	0.608108
60.500000	0.250000	0.000000	70.000000	114.000000	49.054005	0.202703
60.750000	0.500000	0.000000	70.000000	114.000000	49.256708	0.405405
61.250000	0.750000	0.000000	63.000000	93.000000	49.662113	0.608108
62.000000	0.500000	0.000000	68.000000	104.000000	50.270220	0.405405
62.500000	0.250000	0.000000	70.000000	104.000000	50.675625	0.202703
62.750000	0.500000	0.000000	70.000000	104.000000	50.878328	0.405405
63.250000	0.750000	0.000000	63.000000	93.000000	51.283733	0.608108
64.000000	1.000000	0.000000	63.000000	114.000000	51.891840	0.810810
64.000000	1.000000	0.000000	68.000000	114.000000	51.891840	0.810810
64.000000	1.000000	0.000000	73.000000	114.000000	51.891840	0.810810
65.000000	1.000000	0.000000	63.000000	93.000000	52.702650	0.810810
65.000000	1.000000	0.000000	72.000000	93.000000	52.702650	0.810810
66.000000	0.750000	0.000000	61.000000	104.000000	53.513460	0.608108
66.000000	0.750000	0.000000	66.000000	104.000000	53.513460	0.608108
66.000000	0.750000	0.000000	70.000000	104.000000	53.513460	0.608108
66.750000	0.250000	0.000000	72.000000	104.000000	54.121568	0.202703
67.000000	0.750000	0.000000	63.000000	93.000000	54.324270	0.608108
67.000000	0.750000	0.000000	66.000000	93.000000	54.324270	0.608108
67.000000	0.750000	0.000000	72.000000	93.000000	54.324270	0.608108
67.750000	0.250000	0.000000	68.000000	93.000000	54.932378	0.202703
68.000000	1.000000	0.000000	77.000000	114.000000	55.135080	0.810810
69.750000	0.250000	0.000000	68.000000	93.000000	56.553998	0.202703
70.000000	0.500000	0.000000	67.000000	104.000000	56.756700	0.405405
70.500000	0.250000	0.000000	68.000000	104.000000	57.162105	0.202703
70.750000	0.500000	0.000000	68.000000	104.000000	57.364808	0.405405
71.250000	0.500000	0.000000	77.000000	93.000000	57.770213	0.405405
71.750000	1.250000	0.000000	75.000000	93.000000	58.175618	1.013512
73.750000	0.250000	0.000000	75.000000	93.000000	59.797238	0.202703
74.000000	0.500000	0.000000	79.000000	104.000000	59.999940	0.405405
74.500000	0.250000	0.000000	80.000000	104.000000	60.405345	0.202703
74.750000	0.500000	0.000000	72.000000	104.000000	60.608048	0.405405
75.250000	0.500000	0.000000	75.000000	93.000000	61.013453	0.405405
75.750000	1.250000	0.000000	73.000000	93.000000	61.418858	1.013512
77.750000	0.250000	0.000000	72.000000	93.000000	63.040478	0.202703
78.000000	0.500000	0.000000	73.000000	104.000000	63.243180	0.405405
78.500000	0.250000	0.000000	72.000000	104.000000	63.648585	0.202703
78.750000	0.500000	0.000000	65.000000	104.000000	63.851288	0.405405
79.250000	0.500000	0.000000	72.000000	93.000000	64.256693	0.405405
79.750000	1.250000	0.000000	70.000000	93.000000	64.662098	1.013513
81.000000	1.000000	0.000000	56.000000	93.000000	65.675610	0.810810
81.000000	1.000000	0.000000	61.000000	93.000000	65.675610	0.810810
81.000000	1.000000	0.000000	65.000000	93.000000	65.675610	0.810810
82.000000	1.000000	0.000000	55.000000	104.000000	66.486420	0.810810
82.000000	1.000000	0.000000	58.000000	104.000000	66.486420	0.810810
82.000000	1.000000	0.000000	63.000000	104.000000	66.486420	0.810810
83.000000	1.000000	0.000000	55.000000	93.000000	67.297230	0.810810
83.000000	1.000000	0.000000	58.000000	93.000000	67.297230	0.810810
83.000000	1.000000	0.000000	63.000000	93.000000	67.297230	0.810810
84.000000	0.500000	0.000000	63.000000	114.000000	68.108040	0.405405
84.000000	0.500000	0.000000	70.000000	114.000000	68.108040	0.405405
84.500000	0.500000	0.000000	68.000000	114.000000	68.513445	0.405405
85.000000	0.500000	0.000000	63.000000	93.000000	68.918850	0.405405
85.500000	0.500000	0.000000	68.000000	93.000000	69.324255	0.405405
86.000000	0.500000	0.000000	63.000000	104.000000	69.729660	0.405405
86.000000	0.500000	0.000000	70.000000	104.000000	69.729660	0.405405
86.500000	0.500000	0.000000	68.000000	104.000000	70.135065	0.405405
87.000000	0.500000	0.000000	75.000000	93.000000	70.540470	0.405405
87.500000	0.500000	0.000000	68.000000	93.000000	70.945875	0.405405
88.000000	1.500000	0.000000	60.000000	114.000000	71.351280	1.216215
88.000000	1.500000	0.000000	67.000000	114.000000	71.351280	1.216215
89.500000	0.250000	0.000000	68.000000	93.000000	72.567495	0.202703
89.750000	1.250000	0.000000	68.000000	93.000000	72.770198	1.013513
91.000000	0.500000	0.000000	60.000000	93.000000	73.783710	0.405405
91.000000	0.500000	0.000000	63.000000	93.000000	73.783710	0.405405
91.500000	0.250000	0.000000	70.000000	93.000000	74.189115	0.202703
91.750000	0.250000	0.000000	72.000000	93.000000	74.391818	0.202703
92.000000	1.500000	0.000000	65.000000	114.000000	74.594520	1.216215
92.000000	1.500000	0.000000	73.000000	114.000000	74.594520	1.216215
93.500000	0.500000	0.000000	73.000000	93.000000	75.810735	0.405405
94.000000	0.500000	0.000000	64.000000	104.000000	76.216140	0.405405
94.000000	0.500000	0.000000	72.000000	104.000000	76.216140	0.405405
94.500000	0.500000	0.000000	67.000000	104.000000	76.621545	0.405405
95.000000	0.500000	0.000000	64.000000	93.000000	77.026950	0.405405
95.000000	0.500000	0.000000	72.000000	93.000000	77.026950	0.405405
95.500000	0.500000	0.000000	70.000000	93.000000	77.432355	0.405405
96.000000	1.500000	0.000000	63.000000	114.000000	77.837760	1.216215
96.000000	1.500000	0.000000	70.000000	114.000000	77.837760	1.216215
97.500000	0.250000	0.000000	68.000000	93.000000	79.053975	0.202703
97.750000	1.250000	0.000000	63.000000	93.000000	79.256678	1.013513
97.750000	1.250000	0.000000	68.000000	93.000000	79.256678	1.013513
99.750000	0.250000	0.000000	68.000000	93.000000	80.878298	0.202703
100.000000	1.500000	0.000000	72.000000	114.000000	81.081000	1.216215
100.000000	1.500000	0.000000	77.000000	114.000000	81.081000	1.216215
101.500000	0.250000	0.000000	77.000000	93.000000	82.297215	0.202703
101.750000	0.750000	0.000000	70.000000	93.000000	82.499918	0.608108
101.750000	0.750000	0.000000	82.000000	93.000000	82.499918	0.608108
102.500000	0.500000	0.000000	80.000000	104.000000	83.108025	0.405405
103.000000	0.500000	0.000000	67.000000	93.000000	83.513430	0.405405
103.000000	0.500000	0.000000	79.000000	93.000000	83.513430	0.405405
103.500000	0.500000	0.000000	77.000000	93.000000	83.918835	0.405405
104.000000	1.500000	0.000000	67.000000	114.000000	84.324240	1.216215
104.000000	1.500000	0.000000	75.000000	114.000000	84.324240	1.216215
105.500000	0.500000	0.000000	72.000000	93.000000	85.540455	0.405405
105.500000	0.500000	0.000000	80.000000	93.000000	85.540455	0.405405
106.000000	0.500000	0.000000	68.000000	104.000000	85.945860	0.405405
106.500000	0.500000	0.000000	67.000000	104.000000	86.351265	0.405405
107.000000	0.500000	0.000000	63.000000	93.000000	86.756670	0.405405
107.500000	0.500000	0.000000	72.000000	93.000000	87.162075	0.405405
108.000000	0.500000	0.000000	68.000000	114.000000	87.567480	0.405405
108.000000	0.500000	0.000000	75.000000	114.000000	87.567480	0.405405
108.500000	0.500000	0.000000	73.000000	114.000000	87.972885	0.405405
109.000000	0.500000	0.000000	72.000000	93.000000	88.378290	0.405405
109.500000	0.250000	0.000000	73.000000	93.000000	88.783695	0.202703
109.750000	1.750000	0.000000	65.000000	93.000000	88.986398	1.418918
111.500000	0.250000	0.000000	72.000000	93.000000	90.405315	0.202703
111.750000	0.250000	0.000000	73.000000	93.000000	90.608018	0.202703
112.000000	0.500000	0.000000	68.000000	114.000000	90.810720	0.405405
112.000000	0.500000	0.000000	75.000000	114.000000	90.810720	0.405405
112.500000	0.500000	0.000000	73.000000	114.000000	91.216125	0.405405
113.000000	0.500000	0.000000	63.000000	93.000000	91.621530	0.405405
113.000000	0.500000	0.000000	72.000000	93.000000	91.621530	0.405405
113.500000	0.500000	0.000000	73.000000	93.000000	92.026935	0.405405
114.000000	0.750000	0.000000	63.000000	104.000000	92.432340	0.608108
114.000000	0.750000	0.000000	72.000000	104.000000	92.432340	0.608108
114.750000	0.250000	0.000000	70.000000	104.000000	93.040448	0.202703
115.000000	1.000000	0.000000	63.000000	93.000000	93.243150	0.810810
115.000000	1.000000	0.000000	70.000000	93.000000	93.243150	0.810810
116.000000	0.500000	0.000000	63.000000	114.000000	94.053960	0.405405
116.000000	0.500000	0.000000	70.000000	114.000000	94.053960	0.405405
116.500000	0.500000	0.000000	68.000000	114.000000	94.459365	0.405405
117.000000	0.500000	0.000000	63.000000	93.000000	94.864770	0.405405
117.500000	0.250000	0.000000	68.000000	93.000000	95.270175	0.202703
117.750000	0.750000	0.000000	63.000000	93.000000	95.472878	0.608108
117.750000	0.750000	0.000000	70.000000	93.000000	95.472878	0.608108
118.500000	0.250000	0.000000	68.000000	104.000000	96.080985	0.202703
118.750000	0.500000	0.000000	63.000000	104.000000	96.283688	0.405405
118.750000	0.500000	0.000000	75.000000	104.000000	96.283688	0.405405
119.250000	0.750000	0.000000	68.000000	93.000000	96.689093	0.608108
120.000000	1.500000	0.000000	60.000000	114.000000	97.297200	1.216215
120.000000	1.500000	0.000000	67.000000	114.000000	97.297200	1.216215
121.500000	0.250000	0.000000	68.000000	93.000000	98.513415	0.202703
121.750000	1.250000	0.000000	68.000000	93.000000	98.716118	1.013513
123.000000	0.500000	0.000000	60.000000	93.000000	99.729630	0.405405
123.000000	0.500000	0.000000	63.000000	93.000000	99.729630	0.405405
123.500000	0.250000	0.000000	70.000000	93.000000	100.135035	0.202703
123.750000	0.250000	0.000000	72.000000	93.000000	100.337738	0.202703
124.000000	1.500000	0.000000	65.000000	114.000000	100.540440	1.216215
124.000000	1.500000	0.000000	73.000000	114.000000	100.540440	1.216215
125.500000	0.500000	0.000000	73.000000	93.000000	101.756655	0.405405
126.000000	0.500000	0.000000	64.000000	104.000000	102.162060	0.405405
126.000000	0.500000	0.000000	72.000000	104.000000	102.162060	0.405405
126.500000	0.500000	0.000000	67.000000	104.000000	102.567465	0.405405
127.000000	0.500000	0.000000	64.000000	93.000000	102.972870	0.405405
127.000000	0.500000	0.000000	72.000000	93.000000	102.972870	0.405405
127.500000	0.500000	0.000000	70.000000	93.000000	103.378275	0.405405
128.000000	1.500000	0.000000	63.000000	114.000000	103.783680	1.216215
128.000000	1.500000	0.000000	70.000000	114.000000	103.783680	1.216215
129.500000	0.250000	0.000000	68.000000	93.000000	104.999895	0.202703
129.750000	1.250000	0.000000	63.000000	93.000000	105.202598	1.013513
129.750000	1.250000	0.000000	68.000000	93.000000	105.202598	1.013513
131.750000	0.250000	0.000000	68.000000	93.000000	106.824218	0.202703
132.000000	1.500000	0.000000	72.000000	114.000000	107.026920	1.216215
132.000000	1.500000	0.000000	77.000000	114.000000	107.026920	1.216215
133.500000	0.250000	0.000000	77.000000	93.000000	108.243135	0.202703
133.750000	0.750000	0.000000	70.000000	93.000000	108.445838	0.608108
133.750000	0.750000	0.000000	74.000000	93.000000	108.445838	0.608108
133.750000	0.750000	0.000000	82.000000	93.000000	108.445838	0.608108
134.500000	0.500000	0.000000	80.000000	104.000000	109.053945	0.405405
135.000000	0.500000	0.000000	67.000000	93.000000	109.459350	0.405405
135.000000	0.500000	0.000000	74.000000	93.000000	109.459350	0.405405
135.000000	0.500000	0.000000	79.000000	93.000000	109.459350	0.405405
135.500000	0.250000	0.000000	77.000000	93.000000	109.864755	0.202703
135.750000	0.250000	0.000000	75.000000	93.000000	110.067458	0.202703
136.000000	1.500000	0.000000	67.000000	114.000000	110.270160	1.216215
136.000000	1.500000	0.000000	75.000000	114.000000	110.270160	1.216215
137.500000	0.250000	0.000000	82.000000	93.000000	111.486375	0.202703
137.750000	0.750000	0.000000	72.000000	93.000000	111.689078	0.608108
137.750000	0.750000	0.000000	80.000000	93.000000	111.689078	0.608108
138.500000	0.500000	0.000000	68.000000	104.000000	112.297185	0.405405
139.000000	0.500000	0.000000	67.000000	93.000000	112.702590	0.405405
139.500000	0.250000	0.000000	68.000000	93.000000	113.107995	0.202703
139.750000	0.250000	0.000000	72.000000	93.000000	113.310698	0.202703
140.000000	0.500000	0.000000	68.000000	114.000000	113.513400	0.405405
140.000000	0.500000	0.000000	75.000000	114.000000	113.513400	0.405405
140.500000	0.500000	0.000000	73.000000	114.000000	113.918805	0.405405
141.000000	0.500000	0.000000	72.000000	93.000000	114.324210	0.405405
141.500000	0.250000	0.000000	73.000000	93.000000	114.729615	0.202703
141.750000	1.250000	0.000000	65.000000	93.000000	114.932318	1.013513
143.750000	0.250000	0.000000	72.000000	93.000000	116.553938	0.202703
144.000000	0.500000	0.000000	65.000000	114.000000	116.756640	0.405405
144.062500	0.437500	0.000000	68.000000	114.000000	116.807316	0.354729
144.125000	0.375000	0.000000	75.000000	114.000000	116.857991	0.304054
144.500000	0.500000	0.000000	73.000000	114.000000	117.162045	0.405405
145.000000	0.500000	0.000000	72.000000	93.000000	117.567450	0.405405
145.500000	0.500000	0.000000	73.000000	93.000000	117.972855	0.405405
146.000000	1.000000	0.000000	65.000000	104.000000	118.378260	0.810810
147.000000	1.000000	0.000000	67.000000	93.000000	119.189070	0.810810
148.000000	1.500000	0.000000	65.000000	114.000000	119.999880	1.216215
149.500000	0.250000	0.000000	70.000000	93.000000	121.216095	0.202703
149.750000	0.250000	0.000000	72.000000	93.000000	121.418798	0.202703
150.000000	0.500000	0.000000	70.000000	104.000000	121.621500	0.405405
150.500000	0.500000	0.000000	72.000000	104.000000	122.026905	0.405405
151.000000	0.500000	0.000000	68.000000	93.000000	122.432310	0.405405
151.500000	0.500000	0.000000	67.000000	93.000000	122.837715	0.405405
152.000000	3.000000	0.000000	65.000000	114.000000	123.243120	2.432430
155.000000	0.500000	0.000000	70.000000	93.000000	125.675550	0.405405
155.500000	0.500000	0.000000	72.000000	93.000000	126.080955	0.405405
156.000000	1.500000	0.000000	70.000000	114.000000	126.486360	1.216215
157.500000	0.250000	0.000000	70.000000	93.000000	127.702575	0.202703
157.750000	0.250000	0.000000	72.000000	93.000000	127.905278	0.202702
158.000000	0.500000	0.000000	70.000000	104.000000	128.107980	0.405405
158.500000	0.500000	0.000000	72.000000	104.000000	128.513385	0.405405
159.000000	0.500000	0.000000	68.000000	93.000000	128.918790	0.405405
159.500000	0.500000	0.000000	70.000000	93.000000	129.324195	0.405405
160.000000	3.000000	0.000000	72.000000	114.000000	129.729600	2.432430
163.000000	0.500000	0.000000	65.000000	93.000000	132.162030	0.405405
163.000000	0.500000	0.000000	77.000000	93.000000	132.162030	0.405405
163.500000	0.500000	0.000000	67.000000	93.000000	132.567435	0.405405
163.500000	0.500000	0.000000	79.000000	93.000000	132.567435	0.405405
164.000000	1.000000	0.000000	68.000000	114.000000	132.972840	0.810810
164.000000	1.000000	0.000000	73.000000	114.000000	132.972840	0.810810
164.000000	1.000000	0.000000	80.000000	114.000000	132.972840	0.810810
165.000000	0.500000	0.000000	61.000000	93.000000	133.783650	0.405405
165.000000	0.500000	0.000000	73.000000	93.000000	133.783650	0.405405
165.500000	0.500000	0.000000	60.000000	93.000000	134.189055	0.405405
165.500000	0.500000	0.000000	72.000000	93.000000	134.189055	0.405405
166.000000	1.000000	0.000000	58.000000	104.000000	134.594460	0.810810
166.000000	1.000000	0.000000	63.000000	104.000000	134.594460	0.810810
166.000000	1.000000	0.000000	70.000000	104.000000	134.594460	0.810810
167.000000	1.000000	0.000000	65.000000	93.000000	135.405270	0.810810
167.000000	1.000000	0.000000	77.000000	93.000000	135.405270	0.810810
168.000000	1.000000	0.000000	64.000000	114.000000	136.216080	0.810810
168.000000	1.000000	0.000000	72.000000	114.000000	136.216080	0.810810
168.000000	1.000000	0.000000	76.000000	114.000000	136.216080	0.810810
169.000000	1.000000	0.000000	70.000000	93.000000	137.026890	0.810810
169.000000	1.000000	0.000000	82.000000	93.000000	137.026890	0.810810
170.000000	1.500000	0.000000	68.000000	104.000000	137.837700	1.216215
170.000000	1.500000	0.000000	72.000000	104.000000	137.837700	1.216215
170.000000	1.500000	0.000000	80.000000	104.000000	137.837700	1.216215
171.500000	0.500000	0.000000	72.000000	93.000000	139.053915	0.405405
172.000000	0.500000	0.000000	65.000000	114.000000	139.459320	0.405405
172.000000	0.500000	0.000000	75.000000	114.000000	139.459320	0.405405
172.500000	0.500000	0.000000	73.000000	114.000000	139.864725	0.405405
173.000000	0.500000	0.000000	72.000000	93.000000	140.270130	0.405405
173.500000	0.500000	0.000000	73.000000	93.000000	140.675535	0.405405
174.000000	1.000000	0.000000	61.000000	104.000000	141.080940	0.810810
174.000000	1.000000	0.000000	65.000000	104.000000	141.080940	0.810810
175.000000	1.000000	0.000000	63.000000	93.000000	141.891750	0.810810
175.000000	1.000000	0.000000	67.000000	93.000000	141.891750	0.810810
176.000000	1.500000	0.000000	61.000000	114.000000	142.702560	1.216215
176.000000	1.500000	0.000000	68.000000	114.000000	142.702560	1.216215
177.500000	0.500000	0.000000	58.000000	93.000000	143.918775	0.405405
178.000000	1.000000	0.000000	56.000000	104.000000	144.324180	0.810810
178.000000	1.000000	0.000000	60.000000	104.000000	144.324180	0.810810
179.000000	0.500000	0.000000	63.000000	93.000000	145.134990	0.405405
179.500000	0.250000	0.000000	65.000000	93.000000	145.540395	0.202702
179.750000	0.250000	0.000000	68.000000	93.000000	145.743098	0.202702
181.000000	0.500000	0.000000	63.000000	93.000000	146.756610	0.405405
181.500000	0.250000	0.000000	65.000000	93.000000	147.162015	0.202702
181.750000	1.250000	0.000000	68.000000	93.000000	147.364718	1.013512
183.000000	0.500000	0.000000	63.000000	93.000000	148.378230	0.405405
183.500000	0.250000	0.000000	65.000000	93.000000	148.783635	0.202702
183.750000	0.750000	0.000000	70.000000	93.000000	148.986338	0.608107
184.500000	0.250000	0.000000	68.000000	114.000000	149.594445	0.202702
184.750000	0.500000	0.000000	70.000000	114.000000	149.797148	0.405405
185.250000	0.500000	0.000000	72.000000	93.000000	150.202553	0.405405
185.750000	1.250000	0.000000	65.000000	93.000000	150.607958	1.013512
187.750000	0.250000	0.000000	63.000000	93.000000	152.229578	0.202702
188.000000	0.500000	0.000000	70.000000	114.000000	152.432280	0.405405
188.500000	0.250000	0.000000	68.000000	114.000000	152.837685	0.202702
188.750000	0.750000	0.000000	70.000000	114.000000	153.040388	0.608107
189.500000	0.250000	0.000000	68.000000	93.000000	153.648495	0.202702
189.750000	0.750000	0.000000	65.000000	93.000000	153.851198	0.608107
190.500000	0.250000	0.000000	63.000000	104.000000	154.459305	0.202702
190.750000	0.500000	0.000000	65.000000	104.000000	154.662008	0.405405
191.250000	0.500000	0.000000	68.000000	93.000000	155.067413	0.405405
191.750000	3.250000	0.000000	72.000000	93.000000	155.472818	2.635132
195.000000	0.250000	0.000000	58.000000	93.000000	158.107950	0.202702
195.000000	0.250000	0.000000	63.000000	93.000000	158.107950	0.202702
195.250000	0.250000	0.000000	65.000000	93.000000	158.310653	0.202702
195.500000	0.250000	0.000000	70.000000	93.000000	158.513355	0.202702
195.750000	1.250000	0.000000	68.000000	93.000000	158.716058	1.013512
197.000000	0.250000	0.000000	63.000000	93.000000	159.729570	0.202702
197.250000	0.250000	0.000000	65.000000	93.000000	159.932273	0.202702
197.500000	0.250000	0.000000	70.000000	93.000000	160.134975	0.202702
197.750000	1.000000	0.000000	68.000000	93.000000	160.337678	0.810810
198.750000	0.250000	0.000000	63.000000	104.000000	161.148488	0.202702
199.000000	0.250000	0.000000	63.000000	93.000000	161.351190	0.202702
199.250000	0.250000	0.000000	65.000000	93.000000	161.553893	0.202702
199.500000	0.250000	0.000000	68.000000	93.000000	161.756595	0.202702
199.750000	0.750000	0.000000	70.000000	93.000000	161.959298	0.608107
200.500000	0.250000	0.000000	68.000000	114.000000	162.567405	0.202702
200.750000	0.750000	0.000000	70.000000	114.000000	162.770108	0.608107
201.500000	0.250000	0.000000	72.000000	93.000000	163.378215	0.202702
201.750000	1.250000	0.000000	65.000000	93.000000	163.580918	1.013512
203.750000	0.250000	0.000000	65.000000	93.000000	165.202538	0.202702
204.000000	0.500000	0.000000	70.000000	114.000000	165.405240	0.405405
204.500000	0.250000	0.000000	68.000000	114.000000	165.810645	0.202702
204.750000	0.750000	0.000000	70.000000	114.000000	166.013347	0.608107
205.500000	0.250000	0.000000	72.000000	93.000000	166.621455	0.202702
205.750000	0.750000	0.000000	75.000000	93.000000	166.824157	0.608107
206.500000	0.250000	0.000000	72.000000	104.000000	167.432265	0.202702
206.750000	0.500000	0.000000	70.000000	104.000000	167.634967	0.405405
207.250000	0.500000	0.000000	68.000000	93.000000	168.040372	0.405405
207.750000	1.250000	0.000000	68.000000	93.000000	168.445777	1.013512
209.750000	0.250000	0.000000	68.000000	93.000000	170.067397	0.202702
210.000000	0.500000	0.000000	72.000000	104.000000	170.270100	0.405405
210.500000	0.250000	0.000000	75.000000	104.000000	170.675505	0.202702
210.750000	0.500000	0.000000	75.000000	104.000000	170.878207	0.405405
211.250000	0.500000	0.000000	68.000000	93.000000	171.283612	0.405405
211.750000	1.250000	0.000000	68.000000	93.000000	171.689017	1.013512
213.750000	0.250000	0.000000	68.000000	93.000000	173.310637	0.202702
214.000000	0.500000	0.000000	72.000000	104.000000	173.513340	0.405405
214.500000	0.250000	0.000000	75.000000	104.000000	173.918745	0.202702
214.750000	0.500000	0.000000	75.000000	104.000000	174.121447	0.405405
215.250000	0.500000	0.000000	68.000000	93.000000	174.526852	0.405405
215.750000	1.250000	0.000000	70.000000	93.000000	174.932257	1.013512
217.750000	0.250000	0.000000	68.000000	93.000000	176.553877	0.202702
218.000000	0.500000	0.000000	72.000000	104.000000	176.756580	0.405405
218.500000	0.250000	0.000000	75.000000	104.000000	177.161985	0.202702
218.750000	0.500000	0.000000	75.000000	104.000000	177.364687	0.405405
219.250000	0.500000	0.000000	68.000000	93.000000	177.770092	0.405405
219.750000	0.750000	0.000000	68.000000	93.000000	178.175497	0.608107
220.500000	0.250000	0.000000	70.000000	114.000000	178.783605	0.202702
220.750000	0.500000	0.000000	70.000000	114.000000	178.986307	0.405405
221.250000	0.750000	0.000000	63.000000	93.000000	179.391712	0.608107
222.000000	0.500000	0.000000	68.000000	104.000000	179.999820	0.405405
222.500000	0.250000	0.000000	70.000000	104.000000	180.405225	0.202702
222.750000	0.500000	0.000000	70.000000	104.000000	180.607927	0.405405
223.250000	0.750000	0.000000	63.000000	93.000000	181.013332	0.608107
224.000000	1.000000	0.000000	63.000000	114.000000	181.621440	0.810810
224.000000	1.000000	0.000000	68.000000	114.000000	181.621440	0.810810
224.000000	1.000000	0.000000	73.000000	114.000000	181.621440	0.810810
225.000000	1.000000	0.000000	63.000000	93.000000	182.432250	0.810810
225.000000	1.000000	0.000000	72.000000	93.000000	182.432250	0.810810
226.000000	0.750000	0.000000	61.000000	104.000000	183.243060	0.608107
226.000000	0.750000	0.000000	66.000000	104.000000	183.243060	0.608107
226.000000	0.750000	0.000000	70.000000	104.000000	183.243060	0.608107
226.750000	0.250000	0.000000	72.000000	104.000000	183.851167	0.202702
227.000000	0.750000	0.000000	63.000000	93.000000	184.053870	0.608107
227.000000	0.750000	0.000000	66.000000	93.000000	184.053870	0.608107
227.000000	0.750000	0.000000	72.000000	93.000000	184.053870	0.608107
227.750000	0.250000	0.000000	68.000000	93.000000	184.661977	0.202702
228.000000	1.000000	0.000000	77.000000	114.000000	184.864680	0.810810
229.750000	0.250000	0.000000	68.000000	93.000000	186.283597	0.202702
230.000000	0.500000	0.000000	67.000000	104.000000	186.486300	0.405405
230.500000	0.250000	0.000000	68.000000	104.000000	186.891705	0.202702
230.750000	0.500000	0.000000	68.000000	104.000000	187.094407	0.405405
231.250000	0.500000	0.000000	77.000000	93.000000	187.499812	0.405405
231.750000	1.250000	0.000000	75.000000	93.000000	187.905217	1.013512
233.750000	0.250000	0.000000	75.000000	93.000000	189.526837	0.202702
234.000000	0.500000	0.000000	79.000000	104.000000	189.729540	0.405405
234.500000	0.250000	0.000000	80.000000	104.000000	190.134945	0.202702
234.750000	0.500000	0.000000	72.000000	104.000000	190.337647	0.405405
235.250000	0.500000	0.000000	75.000000	93.000000	190.743052	0.405405
235.750000	1.250000	0.000000	73.000000	93.000000	191.148457	1.013512
237.750000	0.250000	0.000000	72.000000	93.000000	192.770077	0.202702
238.000000	0.500000	0.000000	73.000000	104.000000	192.972780	0.405405
238.500000	0.250000	0.000000	72.000000	104.000000	193.378185	0.202702
238.750000	0.500000	0.000000	65.000000	104.000000	193.580887	0.405405
239.250000	0.500000	0.000000	72.000000	93.000000	193.986292	0.405405
239.750000	1.250000	0.000000	70.000000	93.000000	194.391697	1.013512
241.000000	1.000000	0.000000	56.000000	93.000000	195.405210	0.810810
241.000000	1.000000	0.000000	61.000000	93.000000	195.405210	0.810810
241.000000	1.000000	0.000000	65.000000	93.000000	195.405210	0.810810
242.000000	1.000000	0.000000	55.000000	104.000000	196.216020	0.810810
242.000000	1.000000	0.000000	58.000000	104.000000	196.216020	0.810810
242.000000	1.000000	0.000000	63.000000	104.000000	196.216020	0.810810
243.000000	1.000000	0.000000	55.000000	93.000000	197.026830	0.810810
243.000000	1.000000	0.000000	58.000000	93.000000	197.026830	0.810810
243.000000	1.000000	0.000000	63.000000	93.000000	197.026830	0.810810
244.000000	0.500000	0.000000	63.000000	114.000000	197.837640	0.405405
244.000000	0.500000	0.000000	70.000000	114.000000	197.837640	0.405405
244.500000	0.500000	0.000000	68.000000	114.000000	198.243045	0.405405
245.000000	0.500000	0.000000	63.000000	93.000000	198.648450	0.405405
245.500000	0.500000	0.000000	68.000000	93.000000	199.053855	0.405405
246.000000	0.500000	0.000000	63.000000	104.000000	199.459260	0.405405
246.000000	0.500000	0.000000	70.000000	104.000000	199.459260	0.405405
246.500000	0.500000	0.000000	68.000000	104.000000	199.864665	0.405405
247.000000	0.500000	0.000000	75.000000	93.000000	200.270070	0.405405
247.500000	0.500000	0.000000	68.000000	93.000000	200.675475	0.405405
248.000000	1.500000	0.000000	60.000000	114.000000	201.080880	1.216215
248.000000	1.500000	0.000000	67.000000	114.000000	201.080880	1.216215
249.500000	0.250000	0.000000	68.000000	93.000000	202.297095	0.202702
249.750000	1.250000	0.000000	68.000000	93.000000	202.499797	1.013512
251.000000	0.500000	0.000000	60.000000	93.000000	203.513310	0.405405
251.000000	0.500000	0.000000	63.000000	93.000000	203.513310	0.405405
251.500000	0.250000	0.000000	70.000000	93.000000	203.918715	0.202702
251.750000	0.250000	0.000000	72.000000	93.000000	204.121417	0.202702
252.000000	1.500000	0.000000	65.000000	114.000000	204.324120	1.216215
252.000000	1.500000	0.000000	73.000000	114.000000	204.324120	1.216215
253.500000	0.500000	0.000000	73.000000	93.000000	205.540335	0.405405
254.000000	0.500000	0.000000	64.000000	104.000000	205.945740	0.405405
254.000000	0.500000	0.000000	72.000000	104.000000	205.945740	0.405405
254.500000	0.500000	0.000000	67.000000	104.000000	206.351145	0.405405
255.000000	0.500000	0.000000	64.000000	93.000000	206.756550	0.405405
255.000000	0.500000	0.000000	72.000000	93.000000	206.756550	0.405405
255.500000	0.500000	0.000000	70.000000	93.000000	207.161955	0.405405
256.000000	1.500000	0.000000	63.000000	114.000000	207.567360	1.216215
256.000000	1.500000	0.000000	70.000000	114.000000	207.567360	1.216215
257.500000	0.250000	0.000000	68.000000	93.000000	208.783575	0.202702
257.750000	1.250000	0.000000	63.000000	93.000000	208.986277	1.013512
257.750000	1.250000	0.000000	68.000000	93.000000	208.986277	1.013512
259.750000	0.250000	0.000000	68.000000	93.000000	210.607897	0.202702
260.000000	1.500000	0.000000	72.000000	114.000000	210.810600	1.216215
260.000000	1.500000	0.000000	77.000000	114.000000	210.810600	1.216215
261.500000	0.250000	0.000000	77.000000	93.000000	212.026815	0.202702
261.750000	0.750000	0.000000	70.000000	93.000000	212.229517	0.608107
261.750000	0.750000	0.000000	82.000000	93.000000	212.229517	0.608107
262.500000	0.500000	0.000000	80.000000	104.000000	212.837625	0.405405
263.000000	0.500000	0.000000	67.000000	93.000000	213.243030	0.405405
263.000000	0.500000	0.000000	79.000000	93.000000	213.243030	0.405405
263.500000	0.500000	0.000000	77.000000	93.000000	213.648435	0.405405
264.000000	1.500000	0.000000	67.000000	114.000000	214.053840	1.216215
264.000000	1.500000	0.000000	75.000000	114.000000	214.053840	1.216215
265.500000	0.500000	0.000000	72.000000	93.000000	215.270055	0.405405
265.500000	0.500000	0.000000	80.000000	93.000000	215.270055	0.405405
266.000000	0.500000	0.000000	68.000000	104.000000	215.675460	0.405405
266.500000	0.500000	0.000000	67.000000	104.000000	216.080865	0.405405
267.000000	0.500000	0.000000	63.000000	93.000000	216.486270	0.405405
267.500000	0.500000	0.000000	72.000000	93.000000	216.891675	0.405405
268.000000	0.500000	0.000000	68.000000	114.000000	217.297080	0.405405
268.000000	0.500000	0.000000	75.000000	114.000000	217.297080	0.405405
268.500000	0.500000	0.000000	73.000000	114.000000	217.702485	0.405405
269.000000	0.500000	0.000000	72.000000	93.000000	218.107890	0.405405
269.500000	0.250000	0.000000	73.000000	93.000000	218.513295	0.202702
269.750000	1.750000	0.000000	65.000000	93.000000	218.715997	1.418917
271.500000	0.250000	0.000000	72.000000	93.000000	220.134915	0.202702
271.750000	0.250000	0.000000	73.000000	93.000000	220.337617	0.202702
272.000000	0.500000	0.000000	68.000000	114.000000	220.540320	0.405405
272.000000	0.500000	0.000000	75.000000	114.000000	220.540320	0.405405
272.500000	0.500000	0.000000	73.000000	114.000000	220.945725	0.405405
273.000000	0.500000	0.000000	63.000000	93.000000	221.351130	0.405405
273.000000	0.500000	0.000000	72.000000	93.000000	221.351130	0.405405
273.500000	0.500000	0.000000	73.000000	93.000000	221.756535	0.405405
274.000000	0.750000	0.000000	63.000000	104.000000	222.161940	0.608107
274.000000	0.750000	0.000000	72.000000	104.000000	222.161940	0.608107
274.750000	0.250000	0.000000	70.000000	104.000000	222.770047	0.202702
275.000000	1.000000	0.000000	63.000000	93.000000	222.972750	0.810810
275.000000	1.000000	0.000000	70.000000	93.000000	222.972750	0.810810
276.000000	0.500000	0.000000	63.000000	114.000000	223.783560	0.405405
276.000000	0.500000	0.000000	70.000000	114.000000	223.783560	0.405405
276.500000	0.500000	0.000000	68.000000	114.000000	224.188965	0.405405
277.000000	0.500000	0.000000	63.000000	93.000000	224.594370	0.405405
277.500000	0.250000	0.000000	68.000000	93.000000	224.999775	0.202702
277.750000	0.750000	0.000000	63.000000	93.000000	225.202477	0.608107
277.750000	0.750000	0.000000	70.000000	93.000000	225.202477	0.608107
278.500000	0.250000	0.000000	68.000000	104.000000	225.810585	0.202702
278.750000	0.500000	0.000000	63.000000	104.000000	226.013287	0.405405
278.750000	0.500000	0.000000	75.000000	104.000000	226.013287	0.405405
279.250000	0.750000	0.000000	68.000000	93.000000	226.418692	0.608107
280.000000	1.500000	0.000000	60.000000	114.000000	227.026800	1.216215
280.000000	1.500000	0.000000	67.000000	114.000000	227.026800	1.216215
281.500000	0.250000	0.000000	68.000000	93.000000	228.243015	0.202702
281.750000	1.250000	0.000000	68.000000	93.000000	228.445717	1.013512
283.000000	0.500000	0.000000	60.000000	93.000000	229.459230	0.405405
283.000000	0.500000	0.000000	63.000000	93.000000	229.459230	0.405405
283.500000	0.250000	0.000000	70.000000	93.000000	229.864635	0.202702
283.750000	0.250000	0.000000	72.000000	93.000000	230.067337	0.202702
284.000000	1.500000	0.000000	65.000000	114.000000	230.270040	1.216215
284.000000	1.500000	0.000000	73.000000	114.000000	230.270040	1.216215
285.500000	0.500000	0.000000	73.000000	93.000000	231.486255	0.405405
286.000000	0.500000	0.000000	64.000000	104.000000	231.891660	0.405405
286.000000	0.500000	0.000000	72.000000	104.000000	231.891660	0.405405
286.500000	0.500000	0.000000	67.000000	104.000000	232.297065	0.405405
287.000000	0.500000	0.000000	64.000000	93.000000	232.702470	0.405405
287.000000	0.500000	0.000000	72.000000	93.000000	232.702470	0.405405
287.500000	0.500000	0.000000	70.000000	93.000000	233.107875	0.405405
288.000000	1.500000	0.000000	63.000000	114.000000	233.513280	1.216215
288.000000	1.500000	0.000000	70.000000	114.000000	233.513280	1.216215
289.500000	0.250000	0.000000	68.000000	93.000000	234.729495	0.202702
289.750000	1.250000	0.000000	63.000000	93.000000	234.932197	1.013512
289.750000	1.250000	0.000000	68.000000	93.000000	234.932197	1.013512
291.750000	0.250000	0.000000	68.000000	93.000000	236.553817	0.202702
292.000000	1.500000	0.000000	72.000000	114.000000	236.756520	1.216215
292.000000	1.500000	0.000000	77.000000	114.000000	236.756520	1.216215
293.500000	0.250000	0.000000	77.000000	93.000000	237.972735	0.202702
293.750000	0.750000	0.000000	70.000000	93.000000	238.175437	0.608107
293.750000	0.750000	0.000000	74.000000	93.000000	238.175437	0.608107
293.750000	0.750000	0.000000	82.000000	93.000000	238.175437	0.608107
294.500000	0.500000	0.000000	80.000000	104.000000	238.783545	0.405405
295.000000	0.500000	0.000000	67.000000	93.000000	239.188950	0.405405
295.000000	0.500000	0.000000	74.000000	93.000000	239.188950	0.405405
295.000000	0.500000	0.000000	79.000000	93.000000	239.188950	0.405405
295.500000	0.250000	0.000000	77.000000	93.000000	239.594355	0.202702
295.750000	0.250000	0.000000	75.000000	93.000000	239.797057	0.202702
296.000000	1.500000	0.000000	67.000000	114.000000	239.999760	1.216215
296.000000	1.500000	0.000000	75.000000	114.000000	239.999760	1.216215
297.500000	0.250000	0.000000	82.000000	93.000000	241.215975	0.202702
297.750000	0.750000	0.000000	72.000000	93.000000	241.418677	0.608107
297.750000	0.750000	0.000000	80.000000	93.000000	241.418677	0.608107
298.500000	0.500000	0.000000	68.000000	104.000000	242.026785	0.405405
299.000000	0.500000	0.000000	67.000000	93.000000	242.432190	0.405405
299.500000	0.250000	0.000000	68.000000	93.000000	242.837595	0.202702
299.750000	0.250000	0.000000	72.000000	93.000000	243.040297	0.202702
300.000000	0.500000	0.000000	68.000000	114.000000	243.243000	0.405405
300.000000	0.500000	0.000000	75.000000	114.000000	243.243000	0.405405
300.500000	0.500000	0.000000	73.000000	114.000000	243.648405	0.405405
301.000000	0.500000	0.000000	72.000000	93.000000	244.053810	0.405405
301.500000	0.250000	0.000000	73.000000	93.000000	244.459215	0.202702
301.750000	1.250000	0.000000	65.000000	93.000000	244.661917	1.013512
303.750000	0.250000	0.000000	72.000000	93.000000	246.283537	0.202702
304.000000	0.500000	0.000000	65.000000	114.000000	246.486240	0.405405
304.062500	0.437500	0.000000	68.000000	114.000000	246.536916	0.354729
304.125000	0.375000	0.000000	75.000000	114.000000	246.587591	0.304054
304.500000	0.500000	0.000000	73.000000	114.000000	246.891645	0.405405
305.000000	0.500000	0.000000	72.000000	93.000000	247.297050	0.405405
305.500000	0.500000	0.000000	73.000000	93.000000	247.702455	0.405405
306.000000	1.000000	0.000000	65.000000	104.000000	248.107860	0.810810
307.000000	1.000000	0.000000	67.000000	93.000000	248.918670	0.810810
308.000000	1.500000	0.000000	65.000000	114.000000	249.729480	1.216215
309.500000	0.250000	0.000000	70.000000	93.000000	250.945695	0.202702
309.750000	0.250000	0.000000	72.000000	93.000000	251.148397	0.202702
310.000000	0.500000	0.000000	70.000000	104.000000	251.351100	0.405405
310.500000	0.500000	0.000000	72.000000	104.000000	251.756505	0.405405
311.000000	0.500000	0.000000	68.000000	93.000000	252.161910	0.405405
311.500000	0.500000	0.000000	67.000000	93.000000	252.567315	0.405405
312.000000	3.000000	0.000000	65.000000	114.000000	252.972720	2.432430
315.000000	0.500000	0.000000	70.000000	93.000000	255.405150	0.405405
315.500000	0.500000	0.000000	72.000000	93.000000	255.810555	0.405405
316.000000	1.500000	0.000000	70.000000	114.000000	256.215960	1.216215
317.500000	0.250000	0.000000	70.000000	93.000000	257.432175	0.202702
317.750000	0.250000	0.000000	72.000000	93.000000	257.634877	0.202702
318.000000	0.500000	0.000000	70.000000	104.000000	257.837580	0.405405
318.500000	0.500000	0.000000	72.000000	104.000000	258.242985	0.405405
319.000000	0.500000	0.000000	68.000000	93.000000	258.648390	0.405405
319.500000	0.500000	0.000000	70.000000	93.000000	259.053795	0.405405
320.000000	3.000000	0.000000	72.000000	114.000000	259.459200	2.432430
323.000000	0.500000	0.000000	65.000000	93.000000	261.891630	0.405405
323.000000	0.500000	0.000000	77.000000	93.000000	261.891630	0.405405
323.500000	0.500000	0.000000	67.000000	93.000000	262.297035	0.405405
323.500000	0.500000	0.000000	79.000000	93.000000	262.297035	0.405405
324.000000	1.000000	0.000000	68.000000	114.000000	262.702440	0.810810
324.000000	1.000000	0.000000	73.000000	114.000000	262.702440	0.810810
324.000000	1.000000	0.000000	80.000000	114.000000	262.702440	0.810810
325.000000	0.500000	0.000000	61.000000	93.000000	263.513250	0.405405
325.000000	0.500000	0.000000	73.000000	93.000000	263.513250	0.405405
325.500000	0.500000	0.000000	60.000000	93.000000	263.918655	0.405405
325.500000	0.500000	0.000000	72.000000	93.000000	263.918655	0.405405
326.000000	1.000000	0.000000	58.000000	104.000000	264.324060	0.810810
326.000000	1.000000	0.000000	63.000000	104.000000	264.324060	0.810810
326.000000	1.000000	0.000000	70.000000	104.000000	264.324060	0.810810
327.000000	1.000000	0.000000	65.000000	93.000000	265.134870	0.810810
327.000000	1.000000	0.000000	77.000000	93.000000	265.134870	0.810810
328.000000	1.000000	0.000000	64.000000	114.000000	265.945680	0.810810
328.000000	1.000000	0.000000	72.000000	114.000000	265.945680	0.810810
328.000000	1.000000	0.000000	76.000000	114.000000	265.945680	0.810810
329.000000	1.000000	0.000000	70.000000	93.000000	266.756490	0.810810
329.000000	1.000000	0.000000	82.000000	93.000000	266.756490	0.810810
330.000000	1.500000	0.000000	68.000000	104.000000	267.567300	1.216215
330.000000	1.500000	0.000000	72.000000	104.000000	267.567300	1.216215
330.000000	1.500000	0.000000	80.000000	104.000000	267.567300	1.216215
331.500000	0.500000	0.000000	72.000000	93.000000	268.783515	0.405405
332.000000	0.500000	0.000000	65.000000	114.000000	269.188920	0.405405
332.000000	0.500000	0.000000	75.000000	114.000000	269.188920	0.405405
332.500000	0.500000	0.000000	73.000000	114.000000	269.594325	0.405405
333.000000	0.500000	0.000000	72.000000	93.000000	269.999730	0.405405
333.500000	0.500000	0.000000	73.000000	93.000000	270.405135	0.405405
334.000000	1.000000	0.000000	61.000000	104.000000	270.810540	0.810810
334.000000	1.000000	0.000000	65.000000	104.000000	270.810540	0.810810
335.000000	1.000000	0.000000	63.000000	93.000000	271.621350	0.810810
335.000000	1.000000	0.000000	67.000000	93.000000	271.621350	0.810810
336.000000	1.500000	0.000000	61.000000	114.000000	272.432160	1.216215
336.000000	1.500000	0.000000	68.000000	114.000000	272.432160	1.216215
337.500000	0.500000	0.000000	58.000000	93.000000	273.648375	0.405405
338.000000	1.000000	0.000000	56.000000	104.000000	274.053780	0.810810
338.000000	1.000000	0.000000	60.000000	104.000000	274.053780	0.810810
339.000000	0.500000	0.000000	63.000000	93.000000	274.864590	0.405405
339.500000	0.250000	0.000000	65.000000	93.000000	275.269995	0.202702
339.750000	0.250000	0.000000	68.000000	93.000000	275.472697	0.202702
340.000000	1.000000	0.000000	68.000000	114.000000	275.675400	0.810810
341.000000	0.500000	0.000000	70.000000	93.000000	276.486210	0.405405
341.500000	0.500000	0.000000	75.000000	93.000000	276.891615	0.405405
342.000000	1.500000	0.000000	72.000000	104.000000	277.297020	1.216215
343.500000	0.500000	0.000000	70.000000	93.000000	278.513235	0.405405
344.000000	1.000000	0.000000	68.000000	114.000000	278.918640	0.810810
345.000000	0.500000	0.000000	70.000000	93.000000	279.729450	0.405405
345.500000	0.500000	0.000000	75.000000	93.000000	280.134855	0.405405
346.000000	1.000000	0.000000	61.000000	104.000000	280.540260	0.810810
346.000000	1.000000	0.000000	66.000000	104.000000	280.540260	0.810810
346.000000	1.000000	0.000000	72.000000	104.000000	280.540260	0.810810
347.000000	0.500000	0.000000	54.000000	93.000000	281.351070	0.405405
347.000000	0.500000	0.000000	60.000000	93.000000	281.351070	0.405405
347.500000	0.500000	0.000000	70.000000	93.000000	281.756475	0.405405
348.000000	1.000000	0.000000	68.000000	114.000000	282.161880	0.810810
349.000000	0.500000	0.000000	70.000000	93.000000	282.972690	0.405405
349.500000	0.500000	0.000000	75.000000	93.000000	283.378095	0.405405
350.000000	1.000000	0.000000	72.000000	104.000000	283.783500	0.810810
351.000000	1.000000	0.000000	70.000000	93.000000	284.594310	0.810810
352.000000	4.000000	0.000000	51.000000	114.000000	285.405120	3.243240
352.062500	3.937500	0.000000	56.000000	114.000000	285.455796	3.192564
352.125000	3.875000	0.000000	58.000000	114.000000	285.506471	3.141889
352.187500	3.812500	0.000000	60.000000	114.000000	285.557147	3.091213
0.000000	0.500000	0.000000	44.000000	88.000000	0.000000	0.405405
0.500000	0.500000	0.000000	51.000000	88.000000	0.405405	0.405405
1.000000	0.500000	0.000000	58.000000	68.000000	0.810810	0.405405
1.500000	1.000000	0.000000	60.000000	68.000000	1.216215	0.810810
2.500000	0.500000	0.000000	51.000000	78.000000	2.027025	0.405405
3.000000	0.500000	0.000000	58.000000	68.000000	2.432430	0.405405
3.500000	0.500000	0.000000	60.000000	68.000000	2.837835	0.405405
4.000000	0.500000	0.000000	41.000000	88.000000	3.243240	0.405405
4.500000	0.500000	0.000000	51.000000	88.000000	3.648645	0.405405
5.000000	0.500000	0.000000	58.000000	68.000000	4.054050	0.405405
5.500000	1.000000	0.000000	57.000000	68.000000	4.459455	0.810810
6.500000	0.500000	0.000000	60.000000	78.000000	5.270265	0.405405
7.000000	0.500000	0.000000	63.000000	68.000000	5.675670	0.405405
7.500000	0.500000	0.000000	60.000000	68.000000	6.081075	0.405405
8.000000	0.500000	0.000000	46.000000	88.000000	6.486480	0.405405
8.500000	0.500000	0.000000	53.000000	88.000000	6.891885	0.405405
9.000000	0.500000	0.000000	60.000000	68.000000	7.297290	0.405405
9.500000	1.000000	0.000000	61.000000	68.000000	7.702695	0.810810
10.500000	0.500000	0.000000	53.000000	78.000000	8.513505	0.405405
11.000000	0.500000	0.000000	51.000000	68.000000	8.918910	0.405405
11.500000	0.500000	0.000000	53.000000	68.000000	9.324315	0.405405
12.000000	0.500000	0.000000	49.000000	88.000000	9.729720	0.405405
12.500000	0.500000	0.000000	64.000000	88.000000	10.135125	0.405405
13.000000	0.500000	0.000000	66.000000	68.000000	10.540530	0.405405
13.500000	6.500000	0.000000	64.000000	68.000000	10.945935	5.270265
20.000000	0.500000	0.000000	44.000000	88.000000	16.216200	0.405405
20.500000	0.500000	0.000000	51.000000	88.000000	16.621605	0.405405
21.000000	1.000000	0.000000	58.000000	68.000000	17.027010	0.810810
22.000000	0.500000	0.000000	43.000000	78.000000	17.837820	0.405405
22.500000	0.500000	0.000000	51.000000	78.000000	18.243225	0.405405
23.000000	1.000000	0.000000	58.000000	68.000000	18.648630	0.810810
24.000000	0.500000	0.000000	46.000000	88.000000	19.459440	0.405405
24.500000	0.500000	0.000000	56.000000	88.000000	19.864845	0.405405
25.000000	0.500000	0.000000	61.000000	68.000000	20.270250	0.405405
25.500000	1.000000	0.000000	56.000000	68.000000	20.675655	0.810810
26.500000	0.500000	0.000000	53.000000	78.000000	21.486465	0.405405
27.000000	0.250000	0.000000	61.000000	68.000000	21.891870	0.202703
27.250000	0.250000	0.000000	60.000000	68.000000	22.094572	0.202703
27.500000	0.500000	0.000000	56.000000	68.000000	22.297275	0.405405
28.000000	0.500000	0.000000	39.000000	88.000000	22.702680	0.405405
28.500000	0.500000	0.000000	51.000000	88.000000	23.108085	0.405405
29.000000	0.500000	0.000000	55.000000	68.000000	23.513490	0.405405
29.500000	0.500000	0.000000	51.000000	68.000000	23.918895	0.405405
30.000000	0.500000	0.000000	58.000000	78.000000	24.324300	0.405405
30.500000	0.500000	0.000000	51.000000	78.000000	24.729705	0.405405
31.000000	1.000000	0.000000	58.000000	68.000000	25.135110	0.810810
32.000000	0.500000	0.000000	44.000000	88.000000	25.945920	0.405405
32.500000	0.500000	0.000000	51.000000	88.000000	26.351325	0.405405
33.000000	0.500000	0.000000	58.000000	68.000000	26.756730	0.405405
33.500000	0.500000	0.000000	51.000000	68.000000	27.162135	0.405405
34.000000	0.500000	0.000000	60.000000	78.000000	27.567540	0.405405
34.500000	0.500000	0.000000	51.000000	78.000000	27.972945	0.405405
35.000000	1.000000	0.000000	43.000000	68.000000	28.378350	0.810810
36.000000	0.500000	0.000000	41.000000	88.000000	29.189160	0.405405
36.500000	0.500000	0.000000	51.000000	88.000000	29.594565	0.405405
37.000000	1.000000	0.000000	56.000000	68.000000	29.999970	0.810810
38.000000	0.500000	0.000000	39.000000	78.000000	30.810780	0.405405
38.500000	0.500000	0.000000	51.000000	78.000000	31.216185	0.405405
39.000000	0.500000	0.000000	56.000000	68.000000	31.621590	0.405405
39.500000	0.500000	0.000000	51.000000	68.000000	32.026995	0.405405
40.000000	0.500000	0.000000	38.000000	88.000000	32.432400	0.405405
40.500000	0.500000	0.000000	46.000000	88.000000	32.837805	0.405405
41.000000	0.500000	0.000000	53.000000	68.000000	33.243210	0.405405
41.500000	1.000000	0.000000	51.000000	68.000000	33.648615	0.810810
42.500000	0.500000	0.000000	56.000000	78.000000	34.459425	0.405405
43.000000	1.000000	0.000000	58.000000	68.000000	34.864830	0.810810
44.000000	0.500000	0.000000	46.000000	88.000000	35.675640	0.405405
44.500000	0.500000	0.000000	53.000000	88.000000	36.081045	0.405405
45.000000	0.500000	0.000000	56.000000	68.000000	36.486450	0.405405
45.000000	0.500000	0.000000	61.000000	68.000000	36.486450	0.405405
45.500000	0.500000	0.000000	53.000000	68.000000	36.891855	0.405405
46.000000	0.500000	0.000000	39.000000	78.000000	37.297260	0.405405
46.500000	0.500000	0.000000	51.000000	78.000000	37.702665	0.405405
47.000000	1.000000	0.000000	58.000000	68.000000	38.108070	0.810810
47.000000	1.000000	0.000000	63.000000	68.000000	38.108070	0.810810
48.000000	0.500000	0.000000	44.000000	88.000000	38.918880	0.405405
48.500000	0.500000	0.000000	51.000000	88.000000	39.324285	0.405405
49.000000	0.500000	0.000000	60.000000	68.000000	39.729690	0.405405
49.500000	0.500000	0.000000	56.000000	68.000000	40.135095	0.405405
50.000000	0.500000	0.000000	60.000000	78.000000	40.540500	0.405405
50.500000	0.500000	0.000000	56.000000	78.000000	40.945905	0.405405
51.000000	0.500000	0.000000	48.000000	68.000000	41.351310	0.405405
51.500000	0.500000	0.000000	56.000000	68.000000	41.756715	0.405405
52.000000	0.500000	0.000000	37.000000	88.000000	42.162120	0.405405
52.500000	0.500000	0.000000	53.000000	88.000000	42.567525	0.405405
53.000000	0.500000	0.000000	63.000000	68.000000	42.972930	0.405405
53.500000	0.500000	0.000000	56.000000	68.000000	43.378335	0.405405
54.000000	0.500000	0.000000	63.000000	78.000000	43.783740	0.405405
54.500000	0.500000	0.000000	56.000000	78.000000	44.189145	0.405405
55.000000	0.500000	0.000000	63.000000	68.000000	44.594550	0.405405
55.500000	0.500000	0.000000	56.000000	68.000000	44.999955	0.405405
56.000000	0.500000	0.000000	39.000000	88.000000	45.405360	0.405405
56.500000	0.500000	0.000000	56.000000	88.000000	45.810765	0.405405
57.000000	0.500000	0.000000	63.000000	68.000000	46.216170	0.405405
57.500000	1.000000	0.000000	58.000000	68.000000	46.621575	0.810810
58.500000	0.500000	0.000000	56.000000	78.000000	47.432385	0.405405
59.000000	1.000000	0.000000	63.000000	68.000000	47.837790	0.810810
60.000000	0.500000	0.000000	46.000000	88.000000	48.648600	0.405405
60.500000	0.500000	0.000000	53.000000	88.000000	49.054005	0.405405
61.000000	0.500000	0.000000	56.000000	68.000000	49.459410	0.405405
61.000000	0.500000	0.000000	61.000000	68.000000	49.459410	0.405405
61.500000	0.500000	0.000000	53.000000	68.000000	49.864815	0.405405
62.000000	0.500000	0.000000	39.000000	78.000000	50.270220	0.405405
62.500000	0.500000	0.000000	51.000000	78.000000	50.675625	0.405405
63.000000	0.500000	0.000000	58.000000	68.000000	51.081030	0.405405
63.000000	0.500000	0.000000	61.000000	68.000000	51.081030	0.405405
63.500000	0.500000	0.000000	51.000000	68.000000	51.486435	0.405405
64.000000	0.500000	0.000000	44.000000	88.000000	51.891840	0.405405
64.500000	0.500000	0.000000	51.000000	88.000000	52.297245	0.405405
65.000000	0.500000	0.000000	60.000000	68.000000	52.702650	0.405405
65.500000	0.500000	0.000000	51.000000	68.000000	53.108055	0.405405
66.000000	0.500000	0.000000	39.000000	78.000000	53.513460	0.405405
66.500000	0.500000	0.000000	51.000000	78.000000	53.918865	0.405405
67.000000	0.500000	0.000000	44.000000	68.000000	54.324270	0.405405
67.000000	0.500000	0.000000	54.000000	68.000000	54.324270	0.405405
67.500000	0.500000	0.000000	51.000000	68.000000	54.729675	0.405405
68.000000	0.500000	0.000000	37.000000	88.000000	55.135080	0.405405
68.500000	0.500000	0.000000	56.000000	88.000000	55.540485	0.405405
69.000000	0.500000	0.000000	65.000000	68.000000	55.945890	0.405405
69.500000	1.000000	0.000000	60.000000	68.000000	56.351295	0.810810
70.500000	0.500000	0.000000	56.000000	78.000000	57.162105	0.405405
71.000000	1.000000	0.000000	65.000000	68.000000	57.567510	0.810810
72.000000	0.500000	0.000000	48.000000	88.000000	58.378320	0.405405
72.500000	0.500000	0.000000	55.000000	88.000000	58.783725	0.405405
73.000000	0.500000	0.000000	63.000000	68.000000	59.189130	0.405405
73.500000	0.500000	0.000000	55.000000	68.000000	59.594535	0.405405
74.000000	0.500000	0.000000	41.000000	78.000000	59.999940	0.405405
74.500000	0.500000	0.000000	48.000000	78.000000	60.405345	0.405405
75.000000	1.000000	0.000000	56.000000	68.000000	60.810750	0.810810
76.000000	0.500000	0.000000	46.000000	88.000000	61.621560	0.405405
76.500000	0.500000	0.000000	53.000000	88.000000	62.026965	0.405405
77.000000	0.500000	0.000000	61.000000	68.000000	62.432370	0.405405
77.500000	1.000000	0.000000	56.000000	68.000000	62.837775	0.810810
78.500000	0.500000	0.000000	53.000000	78.000000	63.648585	0.405405
79.000000	0.500000	0.000000	61.000000	68.000000	64.053990	0.405405
79.500000	0.500000	0.000000	56.000000	68.000000	64.459395	0.405405
80.000000	0.500000	0.000000	39.000000	88.000000	64.864800	0.405405
80.500000	1.000000	0.000000	51.000000	88.000000	65.270205	0.810810
81.500000	0.500000	0.000000	46.000000	68.000000	66.081015	0.405405
82.000000	0.500000	0.000000	39.000000	78.000000	66.486420	0.405405
82.500000	1.000000	0.000000	46.000000	78.000000	66.891825	0.810810
83.500000	0.500000	0.000000	46.000000	68.000000	67.702635	0.405405
84.000000	0.500000	0.000000	44.000000	88.000000	68.108040	0.405405
84.500000	0.500000	0.000000	51.000000	88.000000	68.513445	0.405405
85.000000	0.500000	0.000000	56.000000	68.000000	68.918850	0.405405
85.000000	0.500000	0.000000	60.000000	68.000000	68.918850	0.405405
85.500000	0.500000	0.000000	51.000000	68.000000	69.324255	0.405405
86.000000	0.500000	0.000000	48.000000	78.000000	69.729660	0.405405
86.500000	0.500000	0.000000	60.000000	78.000000	70.135065	0.405405
87.000000	0.500000	0.000000	56.000000	68.000000	70.540470	0.405405
87.500000	0.500000	0.000000	60.000000	68.000000	70.945875	0.405405
88.000000	0.500000	0.000000	49.000000	88.000000	71.351280	0.405405
88.500000	0.500000	0.000000	56.000000	88.000000	71.756685	0.405405
89.000000	0.500000	0.000000	61.000000	68.000000	72.162090	0.405405
89.500000	0.500000	0.000000	56.000000	68.000000	72.567495	0.405405
90.000000	0.500000	0.000000	63.000000	78.000000	72.972900	0.405405
90.500000	0.500000	0.000000	56.000000	78.000000	73.378305	0.405405
91.000000	0.500000	0.000000	48.000000	68.000000	73.783710	0.405405
91.500000	0.500000	0.000000	56.000000	68.000000	74.189115	0.405405
92.000000	0.500000	0.000000	46.000000	88.000000	74.594520	0.405405
92.500000	0.500000	0.000000	53.000000	88.000000	74.999925	0.405405
93.000000	0.500000	0.000000	56.000000	68.000000	75.405330	0.405405
93.000000	0.500000	0.000000	61.000000	68.000000	75.405330	0.405405
93.500000	0.500000	0.000000	53.000000	68.000000	75.810735	0.405405
94.000000	1.000000	0.000000	48.000000	78.000000	76.216140	0.810810
94.000000	1.000000	0.000000	58.000000	78.000000	76.216140	0.810810
95.000000	1.000000	0.000000	40.000000	68.000000	77.026950	0.810810
95.000000	1.000000	0.000000	52.000000	68.000000	77.026950	0.810810
96.000000	0.500000	0.000000	41.000000	88.000000	77.837760	0.405405
96.500000	0.500000	0.000000	48.000000	88.000000	78.243165	0.405405
97.000000	0.500000	0.000000	56.000000	68.000000	78.648570	0.405405
97.500000	0.500000	0.000000	48.000000	68.000000	79.053975	0.405405
98.000000	0.500000	0.000000	39.000000	78.000000	79.459380	0.405405
98.500000	0.500000	0.000000	51.000000	78.000000	79.864785	0.405405
99.000000	0.500000	0.000000	60.000000	68.000000	80.270190	0.405405
99.500000	0.500000	0.000000	56.000000	68.000000	80.675595	0.405405
100.000000	0.500000	0.000000	38.000000	88.000000	81.081000	0.405405
100.500000	0.500000	0.000000	56.000000	88.000000	81.486405	0.405405
101.000000	0.500000	0.000000	65.000000	68.000000	81.891810	0.405405
101.500000	0.500000	0.000000	60.000000	68.000000	82.297215	0.405405
102.000000	0.500000	0.000000	37.000000	78.000000	82.702620	0.405405
102.500000	0.500000	0.000000	44.000000	78.000000	83.108025	0.405405
103.000000	0.500000	0.000000	53.000000	68.000000	83.513430	0.405405
103.500000	0.500000	0.000000	44.000000	68.000000	83.918835	0.405405
104.000000	0.500000	0.000000	36.000000	88.000000	84.324240	0.405405
104.000000	0.500000	0.000000	48.000000	88.000000	84.324240	0.405405
104.500000	0.500000	0.000000	55.000000	88.000000	84.729645	0.405405
105.000000	0.500000	0.000000	58.000000	68.000000	85.135050	0.405405
105.000000	0.500000	0.000000	63.000000	68.000000	85.135050	0.405405
105.500000	0.500000	0.000000	55.000000	68.000000	85.540455	0.405405
106.000000	0.500000	0.000000	41.000000	78.000000	85.945860	0.405405
106.500000	0.500000	0.000000	48.000000	78.000000	86.351265	0.405405
107.000000	0.500000	0.000000	56.000000	68.000000	86.756670	0.405405
107.500000	0.500000	0.000000	48.000000	68.000000	87.162075	0.405405
108.000000	0.500000	0.000000	46.000000	88.000000	87.567480	0.405405
108.500000	0.500000	0.000000	53.000000	88.000000	87.972885	0.405405
109.000000	0.500000	0.000000	56.000000	68.000000	88.378290	0.405405
109.500000	0.500000	0.000000	53.000000	68.000000	88.783695	0.405405
110.000000	0.500000	0.000000	61.000000	78.000000	89.189100	0.405405
110.500000	0.500000	0.000000	53.000000	78.000000	89.594505	0.405405
111.000000	0.500000	0.000000	56.000000	68.000000	89.999910	0.405405
111.500000	0.500000	0.000000	53.000000	68.000000	90.405315	0.405405
112.000000	0.500000	0.000000	39.000000	88.000000	90.810720	0.405405
112.500000	0.500000	0.000000	56.000000	88.000000	91.216125	0.405405
113.000000	0.500000	0.000000	58.000000	68.000000	91.621530	0.405405
113.500000	0.500000	0.000000	56.000000	68.000000	92.026935	0.405405
114.000000	0.500000	0.000000	51.000000	78.000000	92.432340	0.405405
114.500000	1.000000	0.000000	58.000000	78.000000	92.837745	0.810810
115.500000	0.500000	0.000000	51.000000	68.000000	93.648555	0.405405
116.000000	0.500000	0.000000	44.000000	88.000000	94.053960	0.405405
116.500000	0.500000	0.000000	51.000000	88.000000	94.459365	0.405405
117.000000	0.500000	0.000000	56.000000	68.000000	94.864770	0.405405
117.000000	0.500000	0.000000	60.000000	68.000000	94.864770	0.405405
117.500000	0.500000	0.000000	51.000000	68.000000	95.270175	0.405405
118.000000	0.500000	0.000000	48.000000	78.000000	95.675580	0.405405
118.500000	0.500000	0.000000	60.000000	78.000000	96.080985	0.405405
119.000000	0.500000	0.000000	56.000000	68.000000	96.486390	0.405405
119.500000	0.500000	0.000000	60.000000	68.000000	96.891795	0.405405
120.000000	0.500000	0.000000	49.000000	88.000000	97.297200	0.405405
120.500000	0.500000	0.000000	56.000000	88.000000	97.702605	0.405405
121.000000	0.500000	0.000000	61.000000	68.000000	98.108010	0.405405
121.500000	0.500000	0.000000	56.000000	68.000000	98.513415	0.405405
122.000000	0.500000	0.000000	63.000000	78.000000	98.918820	0.405405
122.500000	0.500000	0.000000	56.000000	78.000000	99.324225	0.405405
123.000000	0.500000	0.000000	48.000000	68.000000	99.729630	0.405405
123.500000	0.500000	0.000000	56.000000	68.000000	100.135035	0.405405
124.000000	0.500000	0.000000	46.000000	88.000000	100.540440	0.405405
124.500000	0.500000	0.000000	53.000000	88.000000	100.945845	0.405405
125.000000	0.500000	0.000000	56.000000	68.000000	101.351250	0.405405
125.000000	0.500000	0.000000	61.000000	68.000000	101.351250	0.405405
125.500000	0.500000	0.000000	53.000000	68.000000	101.756655	0.405405
126.000000	1.000000	0.000000	48.000000	78.000000	102.162060	0.810810
126.000000	1.000000	0.000000	58.000000	78.000000	102.162060	0.810810
127.000000	1.000000	0.000000	40.000000	68.000000	102.972870	0.810810
127.000000	1.000000	0.000000	52.000000	68.000000	102.972870	0.810810
128.000000	0.500000	0.000000	43.000000	88.000000	103.783680	0.405405
128.500000	0.500000	0.000000	48.000000	88.000000	104.189085	0.405405
129.000000	0.500000	0.000000	56.000000	68.000000	104.594490	0.405405
129.500000	0.500000	0.000000	48.000000	68.000000	104.999895	0.405405
130.000000	0.500000	0.000000	39.000000	78.000000	105.405300	0.405405
130.500000	0.500000	0.000000	51.000000	78.000000	105.810705	0.405405
131.000000	0.500000	0.000000	60.000000	68.000000	106.216110	0.405405
131.500000	0.500000	0.000000	56.000000	68.000000	106.621515	0.405405
132.000000	0.500000	0.000000	38.000000	88.000000	107.026920	0.405405
132.500000	0.500000	0.000000	56.000000	88.000000	107.432325	0.405405
133.000000	0.500000	0.000000	65.000000	68.000000	107.837730	0.405405
133.500000	0.500000	0.000000	60.000000	68.000000	108.243135	0.405405
134.000000	0.500000	0.000000	43.000000	78.000000	108.648540	0.405405
134.500000	0.500000	0.000000	53.000000	78.000000	109.053945	0.405405
135.000000	0.500000	0.000000	59.000000	68.000000	109.459350	0.405405
135.000000	0.500000	0.000000	62.000000	68.000000	109.459350	0.405405
135.500000	0.500000	0.000000	53.000000	68.000000	109.864755	0.405405
136.000000	0.500000	0.000000	36.000000	88.000000	110.270160	0.405405
136.000000	0.500000	0.000000	48.000000	88.000000	110.270160	0.405405
136.500000	0.500000	0.000000	55.000000	88.000000	110.675565	0.405405
137.000000	0.500000	0.000000	58.000000	68.000000	111.080970	0.405405
137.000000	0.500000	0.000000	63.000000	68.000000	111.080970	0.405405
137.500000	0.500000	0.000000	55.000000	68.000000	111.486375	0.405405
138.000000	0.500000	0.000000	41.000000	78.000000	111.891780	0.405405
138.500000	0.500000	0.000000	48.000000	78.000000	112.297185	0.405405
139.000000	0.500000	0.000000	56.000000	68.000000	112.702590	0.405405
139.500000	0.500000	0.000000	48.000000	68.000000	113.107995	0.405405
140.000000	0.500000	0.000000	46.000000	88.000000	113.513400	0.405405
140.500000	0.500000	0.000000	53.000000	88.000000	113.918805	0.405405
141.000000	0.500000	0.000000	56.000000	68.000000	114.324210	0.405405
141.500000	0.500000	0.000000	53.000000	68.000000	114.729615	0.405405
142.000000	0.500000	0.000000	61.000000	78.000000	115.135020	0.405405
142.500000	0.500000	0.000000	56.000000	78.000000	115.540425	0.405405
143.000000	0.500000	0.000000	55.000000	68.000000	115.945830	0.405405
143.500000	0.500000	0.000000	56.000000	68.000000	116.351235	0.405405
144.000000	4.000000	0.000000	27.000000	88.000000	116.756640	3.243240
144.000000	4.000000	0.000000	39.000000	88.000000	116.756640	3.243240
148.000000	0.500000	0.000000	49.000000	88.000000	119.999880	0.405405
148.500000	0.500000	0.000000	56.000000	88.000000	120.405285	0.405405
149.000000	1.000000	0.000000	60.000000	68.000000	120.810690	0.810810
149.000000	1.000000	0.000000	65.000000	68.000000	120.810690	0.810810
150.000000	0.500000	0.000000	51.000000	78.000000	121.621500	0.405405
150.500000	0.500000	0.000000	58.000000	78.000000	122.026905	0.405405
151.000000	1.000000	0.000000	63.000000	68.000000	122.432310	0.810810
152.000000	0.500000	0.000000	41.000000	88.000000	123.243120	0.405405
152.500000	0.500000	0.000000	55.000000	88.000000	123.648525	0.405405
153.000000	0.500000	0.000000	56.000000	68.000000	124.053930	0.405405
153.500000	2.500000	0.000000	63.000000	68.000000	124.459335	2.027025
156.000000	0.500000	0.000000	49.000000	88.000000	126.486360	0.405405
156.500000	0.500000	0.000000	56.000000	88.000000	126.891765	0.405405
157.000000	1.000000	0.000000	60.000000	68.000000	127.297170	0.810810
157.000000	1.000000	0.000000	65.000000	68.000000	127.297170	0.810810
158.000000	0.500000	0.000000	51.000000	78.000000	128.107980	0.405405
158.500000	0.500000	0.000000	58.000000	78.000000	128.513385	0.405405
159.000000	1.000000	0.000000	63.000000	68.000000	128.918790	0.810810
160.000000	0.500000	0.000000	44.000000	88.000000	129.729600	0.405405
160.500000	0.500000	0.000000	51.000000	88.000000	130.135005	0.405405
161.000000	0.500000	0.000000	58.000000	68.000000	130.540410	0.405405
161.500000	1.000000	0.000000	63.000000	68.000000	130.945815	0.810810
162.500000	0.500000	0.000000	56.000000	78.000000	131.756625	0.405405
163.000000	0.500000	0.000000	51.000000	68.000000	132.162030	0.405405
163.500000	0.500000	0.000000	44.000000	68.000000	132.567435	0.405405
164.000000	0.500000	0.000000	37.000000	88.000000	132.972840	0.405405
164.500000	0.500000	0.000000	44.000000	88.000000	133.378245	0.405405
165.000000	1.000000	0.000000	53.000000	68.000000	133.783650	0.810810
166.000000	0.500000	0.000000	39.000000	78.000000	134.594460	0.405405
166.500000	0.500000	0.000000	46.000000	78.000000	134.999865	0.405405
167.000000	0.500000	0.000000	53.000000	68.000000	135.405270	0.405405
167.500000	0.500000	0.000000	46.000000	68.000000	135.810675	0.405405
168.000000	0.500000	0.000000	40.000000	88.000000	136.216080	0.405405
168.500000	0.500000	0.000000	48.000000	88.000000	136.621485	0.405405
169.000000	0.500000	0.000000	55.000000	68.000000	137.026890	0.405405
169.500000	0.500000	0.000000	48.000000	68.000000	137.432295	0.405405
170.000000	0.500000	0.000000	41.000000	78.000000	137.837700	0.405405
170.500000	0.500000	0.000000	53.000000	78.000000	138.243105	0.405405
171.000000	0.500000	0.000000	63.000000	68.000000	138.648510	0.405405
171.500000	0.500000	0.000000	56.000000	68.000000	139.053915	0.405405
172.000000	0.500000	0.000000	46.000000	88.000000	139.459320	0.405405
172.500000	0.500000	0.000000	53.000000	88.000000	139.864725	0.405405
173.000000	0.500000	0.000000	61.000000	68.000000	140.270130	0.405405
173.500000	0.500000	0.000000	53.000000	68.000000	140.675535	0.405405
174.000000	0.500000	0.000000	39.000000	78.000000	141.080940	0.405405
174.500000	0.500000	0.000000	46.000000	78.000000	141.486345	0.405405
175.000000	0.500000	0.000000	51.000000	68.000000	141.891750	0.405405
175.500000	0.500000	0.000000	46.000000	68.000000	142.297155	0.405405
176.000000	0.500000	0.000000	44.000000	88.000000	142.702560	0.405405
176.500000	0.500000	0.000000	51.000000	88.000000	143.107965	0.405405
177.000000	1.000000	0.000000	56.000000	68.000000	143.513370	0.810810
178.000000	2.000000	0.000000	44.000000	78.000000	144.324180	1.621620
180.000000	0.500000	0.000000	44.000000	88.000000	145.945800	0.405405
180.500000	0.500000	0.000000	51.000000	88.000000	146.351205	0.405405
181.000000	1.000000	0.000000	58.000000	68.000000	146.756610	0.810810
182.000000	0.500000	0.000000	43.000000	78.000000	147.567420	0.405405
182.500000	0.500000	0.000000	51.000000	78.000000	147.972825	0.405405
183.000000	1.000000	0.000000	58.000000	68.000000	148.378230	0.810810
184.000000	0.500000	0.000000	46.000000	88.000000	149.189040	0.405405
184.500000	0.500000	0.000000	56.000000	88.000000	149.594445	0.405405
185.000000	0.500000	0.000000	61.000000	68.000000	149.999850	0.405405
185.500000	1.000000	0.000000	56.000000	68.000000	150.405255	0.810810
186.500000	0.500000	0.000000	53.000000	78.000000	151.216065	0.405405
187.000000	0.250000	0.000000	61.000000	68.000000	151.621470	0.202702
187.250000	0.250000	0.000000	60.000000	68.000000	151.824173	0.202702
187.500000	0.500000	0.000000	56.000000	68.000000	152.026875	0.405405
188.000000	0.500000	0.000000	39.000000	88.000000	152.432280	0.405405
188.500000	0.500000	0.000000	51.000000	88.000000	152.837685	0.405405
189.000000	0.500000	0.000000	55.000000	68.000000	153.243090	0.405405
189.500000	0.500000	0.000000	51.000000	68.000000	153.648495	0.405405
190.000000	0.500000	0.000000	58.000000	78.000000	154.053900	0.405405
190.500000	0.500000	0.000000	51.000000	78.000000	154.459305	0.405405
191.000000	1.000000	0.000000	58.000000	68.000000	154.864710	0.810810
192.000000	0.500000	0.000000	44.000000	88.000000	155.675520	0.405405
192.500000	0.500000	0.000000	51.000000	88.000000	156.080925	0.405405
193.000000	0.500000	0.000000	58.000000	68.000000	156.486330	0.405405
193.500000	0.500000	0.000000	51.000000	68.000000	156.891735	0.405405
194.000000	0.500000	0.000000	60.000000	78.000000	157.297140	0.405405
194.500000	0.500000	0.000000	51.000000	78.000000	157.702545	0.405405
195.000000	1.000000	0.000000	43.000000	68.000000	158.107950	0.810810
196.000000	0.500000	0.000000	41.000000	88.000000	158.918760	0.405405
196.500000	0.500000	0.000000	51.000000	88.000000	159.324165	0.405405
197.000000	1.000000	0.000000	56.000000	68.000000	159.729570	0.810810
198.000000	0.500000	0.000000	39.000000	78.000000	160.540380	0.405405
198.500000	0.500000	0.000000	51.000000	78.000000	160.945785	0.405405
199.000000	0.500000	0.000000	56.000000	68.000000	161.351190	0.405405
199.500000	0.500000	0.000000	51.000000	68.000000	161.756595	0.405405
200.000000	0.500000	0.000000	38.000000	88.000000	162.162000	0.405405
200.500000	0.500000	0.000000	46.000000	88.000000	162.567405	0.405405
201.000000	0.500000	0.000000	53.000000	68.000000	162.972810	0.405405
201.500000	1.000000	0.000000	51.000000	68.000000	163.378215	0.810810
202.500000	0.500000	0.000000	56.000000	78.000000	164.189025	0.405405
203.000000	1.000000	0.000000	58.000000	68.000000	164.594430	0.810810
204.000000	0.500000	0.000000	46.000000	88.000000	165.405240	0.405405
204.500000	0.500000	0.000000	53.000000	88.000000	165.810645	0.405405
205.000000	0.500000	0.000000	56.000000	68.000000	166.216050	0.405405
205.000000	0.500000	0.000000	61.000000	68.000000	166.216050	0.405405
205.500000	0.500000	0.000000	53.000000	68.000000	166.621455	0.405405
206.000000	0.500000	0.000000	39.000000	78.000000	167.026860	0.405405
206.500000	0.500000	0.000000	51.000000	78.000000	167.432265	0.405405
207.000000	1.000000	0.000000	58.000000	68.000000	167.837670	0.810810
207.000000	1.000000	0.000000	63.000000	68.000000	167.837670	0.810810
208.000000	0.500000	0.000000	44.000000	88.000000	168.648480	0.405405
208.500000	0.500000	0.000000	51.000000	88.000000	169.053885	0.405405
209.000000	0.500000	0.000000	60.000000	68.000000	169.459290	0.405405
209.500000	0.500000	0.000000	56.000000	68.000000	169.864695	0.405405
210.000000	0.500000	0.000000	60.000000	78.000000	170.270100	0.405405
210.500000	0.500000	0.000000	56.000000	78.000000	170.675505	0.405405
211.000000	0.500000	0.000000	48.000000	68.000000	171.080910	0.405405
211.500000	0.500000	0.000000	56.000000	68.000000	171.486315	0.405405
212.000000	0.500000	0.000000	37.000000	88.000000	171.891720	0.405405
212.500000	0.500000	0.000000	53.000000	88.000000	172.297125	0.405405
213.000000	0.500000	0.000000	63.000000	68.000000	172.702530	0.405405
213.500000	0.500000	0.000000	56.000000	68.000000	173.107935	0.405405
214.000000	0.500000	0.000000	63.000000	78.000000	173.513340	0.405405
214.500000	0.500000	0.000000	56.000000	78.000000	173.918745	0.405405
215.000000	0.500000	0.000000	63.000000	68.000000	174.324150	0.405405
215.500000	0.500000	0.000000	56.000000	68.000000	174.729555	0.405405
216.000000	0.500000	0.000000	39.000000	88.000000	175.134960	0.405405
216.500000	0.500000	0.000000	56.000000	88.000000	175.540365	0.405405
217.000000	0.500000	0.000000	63.000000	68.000000	175.945770	0.405405
217.500000	1.000000	0.000000	58.000000	68.000000	176.351175	0.810810
218.500000	0.500000	0.000000	56.000000	78.000000	177.161985	0.405405
219.000000	1.000000	0.000000	63.000000	68.000000	177.567390	0.810810
220.000000	0.500000	0.000000	46.000000	88.000000	178.378200	0.405405
220.500000	0.500000	0.000000	53.000000	88.000000	178.783605	0.405405
221.000000	0.500000	0.000000	56.000000	68.000000	179.189010	0.405405
221.000000	0.500000	0.000000	61.000000	68.000000	179.189010	0.405405
221.500000	0.500000	0.000000	53.000000	68.000000	179.594415	0.405405
222.000000	0.500000	0.000000	39.000000	78.000000	179.999820	0.405405
222.500000	0.500000	0.000000	51.000000	78.000000	180.405225	0.405405
223.000000	0.500000	0.000000	58.000000	68.000000	180.810630	0.405405
223.000000	0.500000	0.000000	61.000000	68.000000	180.810630	0.405405
223.500000	0.500000	0.000000	51.000000	68.000000	181.216035	0.405405
224.000000	0.500000	0.000000	44.000000	88.000000	181.621440	0.405405
224.500000	0.500000	0.000000	51.000000	88.000000	182.026845	0.405405
225.000000	0.500000	0.000000	60.000000	68.000000	182.432250	0.405405
225.500000	0.500000	0.000000	51.000000	68.000000	182.837655	0.405405
226.000000	0.500000	0.000000	39.000000	78.000000	183.243060	0.405405
226.500000	0.500000	0.000000	51.000000	78.000000	183.648465	0.405405
227.000000	0.500000	0.000000	44.000000	68.000000	184.053870	0.405405
227.000000	0.500000	0.000000	54.000000	68.000000	184.053870	0.405405
227.500000	0.500000	0.000000	51.000000	68.000000	184.459275	0.405405
228.000000	0.500000	0.000000	37.000000	88.000000	184.864680	0.405405
228.500000	0.500000	0.000000	56.000000	88.000000	185.270085	0.405405
229.000000	0.500000	0.000000	65.000000	68.000000	185.675490	0.405405
229.500000	1.000000	0.000000	60.000000	68.000000	186.080895	0.810810
230.500000	0.500000	0.000000	56.000000	78.000000	186.891705	0.405405
231.000000	1.000000	0.000000	65.000000	68.000000	187.297110	0.810810
232.000000	0.500000	0.000000	48.000000	88.000000	188.107920	0.405405
232.500000	0.500000	0.000000	55.000000	88.000000	188.513325	0.405405
233.000000	0.500000	0.000000	63.000000	68.000000	188.918730	0.405405
233.500000	0.500000	0.000000	55.000000	68.000000	189.324135	0.405405
234.000000	0.500000	0.000000	41.000000	78.000000	189.729540	0.405405
234.500000	0.500000	0.000000	48.000000	78.000000	190.134945	0.405405
235.000000	1.000000	0.000000	56.000000	68.000000	190.540350	0.810810
236.000000	0.500000	0.000000	46.000000	88.000000	191.351160	0.405405
236.500000	0.500000	0.000000	53.000000	88.000000	191.756565	0.405405
237.000000	0.500000	0.000000	61.000000	68.000000	192.161970	0.405405
237.500000	1.000000	0.000000	56.000000	68.000000	192.567375	0.810810
238.500000	0.500000	0.000000	53.000000	78.000000	193.378185	0.405405
239.000000	0.500000	0.000000	61.000000	68.000000	193.783590	0.405405
239.500000	0.500000	0.000000	56.000000	68.000000	194.188995	0.405405
240.000000	0.500000	0.000000	39.000000	88.000000	194.594400	0.405405
240.500000	1.000000	0.000000	51.000000	88.000000	194.999805	0.810810
241.500000	0.500000	0.000000	46.000000	68.000000	195.810615	0.405405
242.000000	0.500000	0.000000	39.000000	78.000000	196.216020	0.405405
242.500000	1.000000	0.000000	46.000000	78.000000	196.621425	0.810810
243.500000	0.500000	0.000000	46.000000	68.000000	197.432235	0.405405
244.000000	0.500000	0.000000	44.000000	88.000000	197.837640	0.405405
244.500000	0.500000	0.000000	51.000000	88.000000	198.243045	0.405405
245.000000	0.500000	0.000000	56.000000	68.000000	198.648450	0.405405
245.000000	0.500000	0.000000	60.000000	68.000000	198.648450	0.405405
245.500000	0.500000	0.000000	51.000000	68.000000	199.053855	0.405405
246.000000	0.500000	0.000000	48.000000	78.000000	199.459260	0.405405
246.500000	0.500000	0.000000	60.000000	78.000000	199.864665	0.405405
247.000000	0.500000	0.000000	56.000000	68.000000	200.270070	0.405405
247.500000	0.500000	0.000000	60.000000	68.000000	200.675475	0.405405
248.000000	0.500000	0.000000	49.000000	88.000000	201.080880	0.405405
248.500000	0.500000	0.000000	56.000000	88.000000	201.486285	0.405405
249.000000	0.500000	0.000000	61.000000	68.000000	201.891690	0.405405
249.500000	0.500000	0.000000	56.000000	68.000000	202.297095	0.405405
250.000000	0.500000	0.000000	63.000000	78.000000	202.702500	0.405405
250.500000	0.500000	0.000000	56.000000	78.000000	203.107905	0.405405
251.000000	0.500000	0.000000	48.000000	68.000000	203.513310	0.405405
251.500000	0.500000	0.000000	56.000000	68.000000	203.918715	0.405405
252.000000	0.500000	0.000000	46.000000	88.000000	204.324120	0.405405
252.500000	0.500000	0.000000	53.000000	88.000000	204.729525	0.405405
253.000000	0.500000	0.000000	56.000000	68.000000	205.134930	0.405405
253.000000	0.500000	0.000000	61.000000	68.000000	205.134930	0.405405
253.500000	0.500000	0.000000	53.000000	68.000000	205.540335	0.405405
254.000000	1.000000	0.000000	48.000000	78.000000	205.945740	0.810810
254.000000	1.000000	0.000000	58.000000	78.000000	205.945740	0.810810
255.000000	1.000000	0.000000	40.000000	68.000000	206.756550	0.810810
255.000000	1.000000	0.000000	52.000000	68.000000	206.756550	0.810810
256.000000	0.500000	0.000000	41.000000	88.000000	207.567360	0.405405
256.500000	0.500000	0.000000	48.000000	88.000000	207.972765	0.405405
257.000000	0.500000	0.000000	56.000000	68.000000	208.378170	0.405405
257.500000	0.500000	0.000000	48.000000	68.000000	208.783575	0.405405
258.000000	0.500000	0.000000	39.000000	78.000000	209.188980	0.405405
258.500000	0.500000	0.000000	51.000000	78.000000	209.594385	0.405405
259.000000	0.500000	0.000000	60.000000	68.000000	209.999790	0.405405
259.500000	0.500000	0.000000	56.000000	68.000000	210.405195	0.405405
260.000000	0.500000	0.000000	38.000000	88.000000	210.810600	0.405405
260.500000	0.500000	0.000000	56.000000	88.000000	211.216005	0.405405
261.000000	0.500000	0.000000	65.000000	68.000000	211.621410	0.405405
261.500000	0.500000	0.000000	60.000000	68.000000	212.026815	0.405405
262.000000	0.500000	0.000000	37.000000	78.000000	212.432220	0.405405
262.500000	0.500000	0.000000	44.000000	78.000000	212.837625	0.405405
263.000000	0.500000	0.000000	53.000000	68.000000	213.243030	0.405405
263.500000	0.500000	0.000000	44.000000	68.000000	213.648435	0.405405
264.000000	0.500000	0.000000	36.000000	88.000000	214.053840	0.405405
264.000000	0.500000	0.000000	48.000000	88.000000	214.053840	0.405405
264.500000	0.500000	0.000000	55.000000	88.000000	214.459245	0.405405
265.000000	0.500000	0.000000	58.000000	68.000000	214.864650	0.405405
265.000000	0.500000	0.000000	63.000000	68.000000	214.864650	0.405405
265.500000	0.500000	0.000000	55.000000	68.000000	215.270055	0.405405
266.000000	0.500000	0.000000	41.000000	78.000000	215.675460	0.405405
266.500000	0.500000	0.000000	48.000000	78.000000	216.080865	0.405405
267.000000	0.500000	0.000000	56.000000	68.000000	216.486270	0.405405
267.500000	0.500000	0.000000	48.000000	68.000000	216.891675	0.405405
268.000000	0.500000	0.000000	46.000000	88.000000	217.297080	0.405405
268.500000	0.500000	0.000000	53.000000	88.000000	217.702485	0.405405
269.000000	0.500000	0.000000	56.000000	68.000000	218.107890	0.405405
269.500000	0.500000	0.000000	53.000000	68.000000	218.513295	0.405405
270.000000	0.500000	0.000000	61.000000	78.000000	218.918700	0.405405
270.500000	0.500000	0.000000	53.000000	78.000000	219.324105	0.405405
271.000000	0.500000	0.000000	56.000000	68.000000	219.729510	0.405405
271.500000	0.500000	0.000000	53.000000	68.000000	220.134915	0.405405
272.000000	0.500000	0.000000	39.000000	88.000000	220.540320	0.405405
272.500000	0.500000	0.000000	56.000000	88.000000	220.945725	0.405405
273.000000	0.500000	0.000000	58.000000	68.000000	221.351130	0.405405
273.500000	0.500000	0.000000	56.000000	68.000000	221.756535	0.405405
274.000000	0.500000	0.000000	51.000000	78.000000	222.161940	0.405405
274.500000	1.000000	0.000000	58.000000	78.000000	222.567345	0.810810
275.500000	0.500000	0.000000	51.000000	68.000000	223.378155	0.405405
276.000000	0.500000	0.000000	44.000000	88.000000	223.783560	0.405405
276.500000	0.500000	0.000000	51.000000	88.000000	224.188965	0.405405
277.000000	0.500000	0.000000	56.000000	68.000000	224.594370	0.405405
277.000000	0.500000	0.000000	60.000000	68.000000	224.594370	0.405405
277.500000	0.500000	0.000000	51.000000	68.000000	224.999775	0.405405
278.000000	0.500000	0.000000	48.000000	78.000000	225.405180	0.405405
278.500000	0.500000	0.000000	60.000000	78.000000	225.810585	0.405405
279.000000	0.500000	0.000000	56.000000	68.000000	226.215990	0.405405
279.500000	0.500000	0.000000	60.000000	68.000000	226.621395	0.405405
280.000000	0.500000	0.000000	49.000000	88.000000	227.026800	0.405405
280.500000	0.500000	0.000000	56.000000	88.000000	227.432205	0.405405
281.000000	0.500000	0.000000	61.000000	68.000000	227.837610	0.405405
281.500000	0.500000	0.000000	56.000000	68.000000	228.243015	0.405405
282.000000	0.500000	0.000000	63.000000	78.000000	228.648420	0.405405
282.500000	0.500000	0.000000	56.000000	78.000000	229.053825	0.405405
283.000000	0.500000	0.000000	48.000000	68.000000	229.459230	0.405405
283.500000	0.500000	0.000000	56.000000	68.000000	229.864635	0.405405
284.000000	0.500000	0.000000	46.000000	88.000000	230.270040	0.405405
284.500000	0.500000	0.000000	53.000000	88.000000	230.675445	0.405405
285.000000	0.500000	0.000000	56.000000	68.000000	231.080850	0.405405
285.000000	0.500000	0.000000	61.000000	68.000000	231.080850	0.405405
285.500000	0.500000	0.000000	53.000000	68.000000	231.486255	0.405405
286.000000	1.000000	0.000000	48.000000	78.000000	231.891660	0.810810
286.000000	1.000000	0.000000	58.000000	78.000000	231.891660	0.810810
287.000000	1.000000	0.000000	40.000000	68.000000	232.702470	0.810810
287.000000	1.000000	0.000000	52.000000	68.000000	232.702470	0.810810
288.000000	0.500000	0.000000	43.000000	88.000000	233.513280	0.405405
288.500000	0.500000	0.000000	48.000000	88.000000	233.918685	0.405405
289.000000	0.500000	0.000000	56.000000	68.000000	234.324090	0.405405
289.500000	0.500000	0.000000	48.000000	68.000000	234.729495	0.405405
290.000000	0.500000	0.000000	39.000000	78.000000	235.134900	0.405405
290.500000	0.500000	0.000000	51.000000	78.000000	235.540305	0.405405
291.000000	0.500000	0.000000	60.000000	68.000000	235.945710	0.405405
291.500000	0.500000	0.000000	56.000000	68.000000	236.351115	0.405405
292.000000	0.500000	0.000000	38.000000	88.000000	236.756520	0.405405
292.500000	0.500000	0.000000	56.000000	88.000000	237.161925	0.405405
293.000000	0.500000	0.000000	65.000000	68.000000	237.567330	0.405405
293.500000	0.500000	0.000000	60.000000	68.000000	237.972735	0.405405
294.000000	0.500000	0.000000	43.000000	78.000000	238.378140	0.405405
294.500000	0.500000	0.000000	53.000000	78.000000	238.783545	0.405405
295.000000	0.500000	0.000000	59.000000	68.000000	239.188950	0.405405
295.000000	0.500000	0.000000	62.000000	68.000000	239.188950	0.405405
295.500000	0.500000	0.000000	53.000000	68.000000	239.594355	0.405405
296.000000	0.500000	0.000000	36.000000	88.000000	239.999760	0.405405
296.000000	0.500000	0.000000	48.000000	88.000000	239.999760	0.405405
296.500000	0.500000	0.000000	55.000000	88.000000	240.405165	0.405405
297.000000	0.500000	0.000000	58.000000	68.000000	240.810570	0.405405
297.000000	0.500000	0.000000	63.000000	68.000000	240.810570	0.405405
297.500000	0.500000	0.000000	55.000000	68.000000	241.215975	0.405405
298.000000	0.500000	0.000000	41.000000	78.000000	241.621380	0.405405
298.500000	0.500000	0.000000	48.000000	78.000000	242.026785	0.405405
299.000000	0.500000	0.000000	56.000000	68.000000	242.432190	0.405405
299.500000	0.500000	0.000000	48.000000	68.000000	242.837595	0.405405
300.000000	0.500000	0.000000	46.000000	88.000000	243.243000	0.405405
300.500000	0.500000	0.000000	53.000000	88.000000	243.648405	0.405405
301.000000	0.500000	0.000000	56.000000	68.000000	244.053810	0.405405
301.500000	0.500000	0.000000	53.000000	68.000000	244.459215	0.405405
302.000000	0.500000	0.000000	61.000000	78.000000	244.864620	0.405405
302.500000	0.500000	0.000000	56.000000	78.000000	245.270025	0.405405
303.000000	0.500000	0.000000	55.000000	68.000000	245.675430	0.405405
303.500000	0.500000	0.000000	56.000000	68.000000	246.080835	0.405405
304.000000	4.000000	0.000000	27.000000	88.000000	246.486240	3.243240
304.000000	4.000000	0.000000	39.000000	88.000000	246.486240	3.243240
308.000000	0.500000	0.000000	49.000000	88.000000	249.729480	0.405405
308.500000	0.500000	0.000000	56.000000	88.000000	250.134885	0.405405
309.000000	1.000000	0.000000	60.000000	68.000000	250.540290	0.810810
309.000000	1.000000	0.000000	65.000000	68.000000	250.540290	0.810810
310.000000	0.500000	0.000000	51.000000	78.000000	251.351100	0.405405
310.500000	0.500000	0.000000	58.000000	78.000000	251.756505	0.405405
311.000000	1.000000	0.000000	63.000000	68.000000	252.161910	0.810810
312.000000	0.500000	0.000000	41.000000	88.000000	252.972720	0.405405
312.500000	0.500000	0.000000	55.000000	88.000000	253.378125	0.405405
313.000000	0.500000	0.000000	56.000000	68.000000	253.783530	0.405405
313.500000	2.500000	0.000000	63.000000	68.000000	254.188935	2.027025
316.000000	0.500000	0.000000	49.000000	88.000000	256.215960	0.405405
316.500000	0.500000	0.000000	56.000000	88.000000	256.621365	0.405405
317.000000	1.000000	0.000000	60.000000	68.000000	257.026770	0.810810
317.000000	1.000000	0.000000	65.000000	68.000000	257.026770	0.810810
318.000000	0.500000	0.000000	51.000000	78.000000	257.837580	0.405405
318.500000	0.500000	0.000000	58.000000	78.000000	258.242985	0.405405
319.000000	1.000000	0.000000	63.000000	68.000000	258.648390	0.810810
320.000000	0.500000	0.000000	44.000000	88.000000	259.459200	0.405405
320.500000	0.500000	0.000000	51.000000	88.000000	259.864605	0.405405
321.000000	0.500000	0.000000	58.000000	68.000000	260.270010	0.405405
321.500000	1.000000	0.000000	63.000000	68.000000	260.675415	0.810810
322.500000	0.500000	0.000000	56.000000	78.000000	261.486225	0.405405
323.000000	0.500000	0.000000	51.000000	68.000000	261.891630	0.405405
323.500000	0.500000	0.000000	44.000000	68.000000	262.297035	0.405405
324.000000	0.500000	0.000000	37.000000	88.000000	262.702440	0.405405
324.500000	0.500000	0.000000	44.000000	88.000000	263.107845	0.405405
325.000000	1.000000	0.000000	53.000000	68.000000	263.513250	0.810810
326.000000	0.500000	0.000000	39.000000	78.000000	264.324060	0.405405
326.500000	0.500000	0.000000	46.000000	78.000000	264.729465	0.405405
327.000000	0.500000	0.000000	53.000000	68.000000	265.134870	0.405405
327.500000	0.500000	0.000000	46.000000	68.000000	265.540275	0.405405
328.000000	0.500000	0.000000	40.000000	88.000000	265.945680	0.405405
328.500000	0.500000	0.000000	48.000000	88.000000	266.351085	0.405405
329.000000	0.500000	0.000000	55.000000	68.000000	266.756490	0.405405
329.500000	0.500000	0.000000	48.000000	68.000000	267.161895	0.405405
330.000000	0.500000	0.000000	41.000000	78.000000	267.567300	0.405405
330.500000	0.500000	0.000000	53.000000	78.000000	267.972705	0.405405
331.000000	0.500000	0.000000	63.000000	68.000000	268.378110	0.405405
331.500000	0.500000	0.000000	56.000000	68.000000	268.783515	0.405405
332.000000	0.500000	0.000000	46.000000	88.000000	269.188920	0.405405
332.500000	0.500000	0.000000	53.000000	88.000000	269.594325	0.405405
333.000000	0.500000	0.000000	61.000000	68.000000	269.999730	0.405405
333.500000	0.500000	0.000000	53.000000	68.000000	270.405135	0.405405
334.000000	0.500000	0.000000	39.000000	78.000000	270.810540	0.405405
334.500000	0.500000	0.000000	46.000000	78.000000	271.215945	0.405405
335.000000	0.500000	0.000000	51.000000	68.000000	271.621350	0.405405
335.500000	0.500000	0.000000	46.000000	68.000000	272.026755	0.405405
336.000000	0.500000	0.000000	44.000000	88.000000	272.432160	0.405405
336.500000	0.500000	0.000000	51.000000	88.000000	272.837565	0.405405
337.000000	1.000000	0.000000	56.000000	68.000000	273.242970	0.810810
338.000000	2.000000	0.000000	44.000000	78.000000	274.053780	1.621620
340.000000	0.500000	0.000000	44.000000	88.000000	275.675400	0.405405
340.500000	0.500000	0.000000	51.000000	88.000000	276.080805	0.405405
341.000000	1.000000	0.000000	63.000000	68.000000	276.486210	0.810810
342.000000	0.500000	0.000000	43.000000	78.000000	277.297020	0.405405
342.500000	0.500000	0.000000	55.000000	78.000000	277.702425	0.405405
343.000000	1.000000	0.000000	63.000000	68.000000	278.107830	0.810810
344.000000	0.500000	0.000000	41.000000	88.000000	278.918640	0.405405
344.500000	0.500000	0.000000	56.000000	88.000000	279.324045	0.405405
345.000000	1.000000	0.000000	63.000000	68.000000	279.729450	0.810810
346.000000	0.500000	0.000000	39.000000	78.000000	280.540260	0.405405
346.500000	0.500000	0.000000	54.000000	78.000000	280.945665	0.405405
347.000000	1.000000	0.000000	44.000000	68.000000	281.351070	0.810810
348.000000	0.500000	0.000000	49.000000	88.000000	282.161880	0.405405
348.500000	0.500000	0.000000	56.000000	88.000000	282.567285	0.405405
349.000000	0.500000	0.000000	63.000000	68.000000	282.972690	0.405405
349.500000	0.500000	0.000000	56.000000	68.000000	283.378095	0.405405
350.000000	0.500000	0.000000	51.000000	78.000000	283.783500	0.405405
350.500000	0.500000	0.000000	56.000000	78.000000	284.188905	0.405405
351.000000	0.500000	0.000000	61.000000	68.000000	284.594310	0.405405
351.500000	0.500000	0.000000	58.000000	68.000000	284.999715	0.405405
352.000000	4.000000	0.000000	32.000000	88.000000	285.405120	3.243240
