11.483333	0.508333	0	64	104	8.6125	0.38125
12.025	0.475	0	69	106	9.01875	0.35625
12.508333	0.466667	0	69	96	9.38125	0.35
13.008333	0.491667	0	73	104	9.75625	0.36875
13.516667	0.491667	0	73	101	10.1375	0.36875
13.975	1.025	0	69	101	10.48125	0.76875
14.966667	0.516667	0	64	104	11.225	0.3875
15.491667	0.475	0	64	100	11.61875	0.35625
15.983333	0.733333	0	64	103	11.9875	0.55
16.85	0.191667	0	64	104	12.6375	0.14375
17.016667	0.233333	0	71	100	12.7625	0.175
17.233333	0.258333	0	69	101	12.925	0.19375
17.491667	0.258333	0	68	97	13.11875	0.19375
17.775	0.241667	0	66	103	13.33125	0.18125
18.033333	0.991667	0	64	103	13.525	0.74375
19.5	0.475	0	64	96	14.625	0.35625
20.008333	0.483333	0	69	105	15.00625	0.3625
20.5	0.466667	0	69	102	15.375	0.35
21.016667	0.466667	0	73	99	15.7625	0.35
21.491667	0.475	0	73	101	16.11875	0.35625
22	0.983333	0	69	101	16.5	0.7375
23.008333	0.516667	0	64	106	17.25625	0.3875
23.475	0.516667	0	69	103	17.60625	0.3875
23.991667	0.483333	0	68	107	17.99375	0.3625
24.483333	0.191667	0	66	103	18.3625	0.14375
24.8	0.166667	0	68	96	18.6	0.125
25.033333	0.5	0	69	102	18.775	0.375
25.525	0.483333	0	63	99	19.14375	0.3625
25.975	0.483333	0	64	105	19.48125	0.3625
27.508333	0.508333	0	64	97	20.63125	0.38125
28.033333	0.441667	0	68	103	21.025	0.33125
28.483333	0.466667	0	68	99	21.3625	0.35
29.025	0.225	0	69	102	21.76875	0.16875
29.275	0.225	0	68	103	21.95625	0.16875
29.516667	0.233333	0	66	103	22.1375	0.175
29.716667	0.241667	0	68	103	22.2875	0.18125
30	1.016667	0	69	101	22.5	0.7625
30.966667	0.475	0	64	106	23.225	0.35625
31.533333	0.475	0	69	103	23.65	0.35625
32.033333	0.425	0	68	102	24.025	0.31875
32.466667	0.425	0	68	101	24.35	0.31875
33.033333	0.258333	0	68	103	24.775	0.19375
33.258333	0.241667	0	74	102	24.94375	0.18125
33.525	0.225	0	71	102	25.14375	0.16875
33.725	0.25	0	68	101	25.29375	0.1875
33.983333	1.483333	0	69	107	25.4875	1.1125
35.5	0.508333	0	69	104	26.625	0.38125
35.991667	0.475	0	66	101	26.99375	0.35625
36.491667	0.475	0	66	103	27.36875	0.35625
36.983333	0.525	0	66	102	27.7375	0.39375
37.508333	0.458333	0	69	99	28.13125	0.34375
37.975	0.95	0	69	108	28.48125	0.7125
39.033333	0.441667	0	64	100	29.275	0.33125
39.483333	0.466667	0	64	100	29.6125	0.35
39.983333	0.758333	0	64	102	29.9875	0.56875
40.866667	0.141667	0	64	103	30.65	0.10625
40.966667	0.508333	0	71	104	30.725	0.38125
41.483333	0.508333	0	68	98	31.1125	0.38125
41.983333	1.483333	0	69	105	31.4875	1.1125
43.475	0.508333	0	69	97	32.60625	0.38125
44.025	0.25	0	68	108	33.01875	0.1875
44.366667	0.108333	0	66	104	33.275	0.08125
44.483333	0.4	0	66	102	33.3625	0.3
44.991667	0.25	0	66	102	33.74375	0.1875
45.258333	0.233333	0	69	98	33.94375	0.175
45.5	0.225	0	68	100	34.125	0.16875
45.725	0.258333	0	71	98	34.29375	0.19375
45.966667	1.008333	0	69	105	34.475	0.75625
47.008333	0.483333	0	64	100	35.25625	0.3625
47.5	0.483333	0	64	104	35.625	0.3625
47.991667	0.7	0	64	105	35.99375	0.525
48.858333	0.15	0	64	96	36.64375	0.1125
48.975	0.483333	0	71	103	36.73125	0.3625
49.483333	0.508333	0	68	97	37.1125	0.38125
50	0.975	0	69	107	37.5	0.73125
59.533333	0.491667	0	64	99	44.65	0.36875
59.975	0.475	0	69	106	44.98125	0.35625
60.5	0.5	0	69	96	45.375	0.375
60.983333	0.5	0	73	107	45.7375	0.375
61.491667	0.483333	0	73	100	46.11875	0.3625
62.016667	1.016667	0	69	102	46.5125	0.7625
63.008333	0.466667	0	64	102	47.25625	0.35
63.483333	0.466667	0	64	97	47.6125	0.35
63.991667	0.75	0	64	104	47.99375	0.5625
64.833333	0.141667	0	64	96	48.625	0.10625
64.966667	0.241667	0	71	107	48.725	0.18125
65.225	0.258333	0	69	96	48.91875	0.19375
65.466667	0.275	0	68	103	49.1	0.20625
65.75	0.233333	0	66	104	49.3125	0.175
65.991667	1.016667	0	64	107	49.49375	0.7625
67.516667	0.516667	0	64	102	50.6375	0.3875
68	0.5	0	69	103	51	0.375
68.533333	0.516667	0	69	103	51.4	0.3875
68.983333	0.483333	0	73	107	51.7375	0.3625
69.491667	0.483333	0	73	102	52.11875	0.3625
70.033333	0.991667	0	69	106	52.525	0.74375
71.016667	0.491667	0	64	101	53.2625	0.36875
71.475	0.491667	0	69	101	53.60625	0.36875
72.008333	0.491667	0	68	108	54.00625	0.36875
72.5	0.258333	0	66	103	54.375	0.19375
72.85	0.175	0	68	97	54.6375	0.13125
73.033333	0.491667	0	69	105	54.775	0.36875
73.508333	0.475	0	63	103	55.13125	0.35625
73.991667	0.483333	0	64	102	55.49375	0.3625
75.475	0.516667	0	64	101	56.60625	0.3875
76	0.5	0	68	101	57	0.375
76.508333	0.5	0	68	101	57.38125	0.375
76.966667	0.266667	0	69	102	57.725	0.2
77.233333	0.25	0	68	102	57.925	0.1875
77.516667	0.25	0	66	101	58.1375	0.1875
77.733333	0.241667	0	68	97	58.3	0.18125
77.975	1.008333	0	69	109	58.48125	0.75625
78.991667	0.491667	0	64	100	59.24375	0.36875
79.525	0.5	0	69	97	59.64375	0.375
79.966667	0.5	0	68	101	59.975	0.375
80.508333	0.466667	0	68	99	60.38125	0.35
80.983333	0.208333	0	68	103	60.7375	0.15625
81.258333	0.258333	0	74	96	60.94375	0.19375
81.475	0.275	0	71	101	61.10625	0.20625
81.725	0.225	0	68	102	61.29375	0.16875
82.025	1.483333	0	69	104	61.51875	1.1125
83.533333	0.508333	0	69	102	62.65	0.38125
84.016667	0.45	0	66	109	63.0125	0.3375
84.475	0.466667	0	66	100	63.35625	0.35
84.966667	0.508333	0	66	107	63.725	0.38125
85.533333	0.475	0	69	104	64.15	0.35625
86.016667	1	0	69	109	64.5125	0.75
87	0.458333	0	64	107	65.25	0.34375
87.466667	0.475	0	64	101	65.6	0.35625
87.991667	0.766667	0	64	104	65.99375	0.575
88.85	0.183333	0	64	96	66.6375	0.1375
88.975	0.483333	0	71	99	66.73125	0.3625
89.516667	0.508333	0	68	99	67.1375	0.38125
89.991667	1.516667	0	69	102	67.49375	1.1375
91.516667	0.525	0	69	102	68.6375	0.39375
92	0.266667	0	68	104	69	0.2
92.308333	0.158333	0	66	97	69.23125	0.11875
92.508333	0.466667	0	66	98	69.38125	0.35
92.983333	0.241667	0	66	102	69.7375	0.18125
93.233333	0.258333	0	69	101	69.925	0.19375
93.483333	0.266667	0	68	97	70.1125	0.2
93.725	0.241667	0	71	99	70.29375	0.18125
93.991667	0.975	0	69	105	70.49375	0.73125
95.016667	0.458333	0	64	101	71.2625	0.34375
95.483333	0.45	0	64	98	71.6125	0.3375
96	0.733333	0	64	102	72	0.55
96.808333	0.158333	0	64	97	72.60625	0.11875
96.983333	0.491667	0	71	102	72.7375	0.36875
97.483333	0.516667	0	68	98	73.1125	0.3875
97.983333	0.991667	0	69	108	73.4875	0.74375
107.466667	0.491667	0	61	97	80.6	0.36875
107.966667	0.483333	0	61	101	80.975	0.3625
108.491667	0.483333	0	61	104	81.36875	0.3625
108.983333	0.458333	0	61	99	81.7375	0.34375
109.516667	0.516667	0	68	100	82.1375	0.3875
110.025	0.991667	0	69	101	82.51875	0.74375
111.016667	0.508333	0	66	103	83.2625	0.38125
112.525	0.458333	0	61	99	84.39375	0.34375
112.991667	0.683333	0	61	99	84.74375	0.5125
113.866667	0.166667	0	68	100	85.4	0.125
114	1	0	69	107	85.5	0.75
116.533333	0.45	0	69	99	87.4	0.3375
116.991667	0.458333	0	69	105	87.74375	0.34375
117.516667	0.458333	0	69	101	88.1375	0.34375
117.983333	0.466667	0	69	101	88.4875	0.35
118.508333	0.483333	0	69	98	88.88125	0.3625
119	0.466667	0	69	105	89.25	0.35
119.508333	0.475	0	69	96	89.63125	0.35625
120.008333	0.991667	0	69	105	90.00625	0.74375
121.016667	0.516667	0	66	104	90.7625	0.3875
121.8	0.191667	0	66	104	91.35	0.14375
121.983333	1.258333	0	71	103	91.4875	0.94375
123.258333	0.25	0	66	99	92.44375	0.1875
123.516667	0.266667	0	63	103	92.6375	0.2
123.716667	0.225	0	59	100	92.7875	0.16875
124.008333	0.975	0	68	101	93.00625	0.73125
125.491667	0.475	0	64	97	94.11875	0.35625
126	0.708333	0	69	105	94.5	0.53125
126.716667	0.208333	0	69	98	95.0375	0.15625
126.983333	0.741667	0	68	103	95.2375	0.55625
127.733333	0.208333	0	68	96	95.8	0.15625
127.991667	0.475	0	73	106	95.99375	0.35625
128.491667	0.525	0	66	97	96.36875	0.39375
129.5	0.525	0	66	103	97.125	0.39375
129.983333	0.991667	0	71	107	97.4875	0.74375
130.991667	0.5	0	71	103	98.24375	0.375
131.483333	0.483333	0	72	100	98.6125	0.3625
132.033333	0.491667	0	73	107	99.025	0.36875
132.483333	0.5	0	69	104	99.3625	0.375
133.033333	0.5	0	68	103	99.775	0.375
133.483333	0.5	0	71	103	100.1125	0.375
133.983333	1.025	0	69	109	100.4875	0.76875
135.525	0.5	0	69	99	101.64375	0.375
136.025	0.475	0	66	102	102.01875	0.35625
136.508333	0.475	0	66	101	102.38125	0.35625
136.991667	0.5	0	66	106	102.74375	0.375
137.475	0.5	0	69	98	103.10625	0.375
137.983333	1.008333	0	69	107	103.4875	0.75625
138.975	0.508333	0	64	100	104.23125	0.38125
139.516667	0.45	0	64	102	104.6375	0.3375
139.975	0.708333	0	64	105	104.98125	0.53125
140.825	0.158333	0	64	102	105.61875	0.11875
141.016667	0.516667	0	71	104	105.7625	0.3875
141.466667	0.508333	0	68	98	106.1	0.38125
141.983333	1.483333	0	69	107	106.4875	1.1125
143.475	0.483333	0	69	100	107.60625	0.3625
144	0.241667	0	68	103	108	0.18125
144.275	0.191667	0	66	99	108.20625	0.14375
144.475	0.45	0	66	104	108.35625	0.3375
144.983333	0.233333	0	66	99	108.7375	0.175
145.241667	0.225	0	69	103	108.93125	0.16875
145.533333	0.233333	0	68	100	109.15	0.175
145.733333	0.258333	0	71	99	109.3	0.19375
145.966667	1.025	0	69	108	109.475	0.76875
146.991667	0.475	0	64	99	110.24375	0.35625
147.475	0.458333	0	64	100	110.60625	0.34375
148	0.766667	0	64	103	111	0.575
148.833333	0.166667	0	64	101	111.625	0.125
148.975	0.525	0	71	105	111.73125	0.39375
149.5	0.508333	0	68	102	112.125	0.38125
149.966667	1.016667	0	69	102	112.475	0.7625
0.016667	0.475	1	45	71	0.0125	0.35625
0.191667	0.141667	1	57	79	0.14375	0.10625
0.308333	0.141667	1	61	83	0.23125	0.10625
0.5	0.5	1	49	76	0.375	0.375
0.5	0.516667	1	52	77	0.375	0.3875
0.516667	0.5	1	57	83	0.3875	0.375
0.516667	0.166667	1	62	78	0.3875	0.125
0.683333	0.158333	1	63	76	0.5125	0.11875
0.866667	0.141667	1	64	83	0.65	0.10625
0.983333	0.516667	1	45	76	0.7375	0.3875
1.016667	0.525	1	73	76	0.7625	0.39375
1.475	0.491667	1	69	70	1.10625	0.36875
1.475	0.491667	1	52	69	1.10625	0.36875
1.491667	0.516667	1	49	66	1.11875	0.3875
1.491667	0.516667	1	57	71	1.11875	0.3875
2	0.475	1	61	79	1.5	0.35625
2.025	0.5	1	64	74	1.51875	0.375
2.15	0.183333	1	45	81	1.6125	0.1375
2.316667	0.158333	1	49	82	1.7375	0.11875
2.475	0.158333	1	50	81	1.85625	0.11875
2.483333	0.516667	1	69	77	1.8625	0.3875
2.7	0.158333	1	51	76	2.025	0.11875
2.808333	0.158333	1	52	78	2.10625	0.11875
3.008333	0.525	1	64	73	2.25625	0.39375
3.033333	0.5	1	61	72	2.275	0.375
3.033333	0.525	1	57	76	2.275	0.39375
3.466667	0.525	1	73	71	2.6	0.39375
3.525	0.491667	1	52	67	2.64375	0.36875
4	0.475	1	64	75	3	0.35625
4.033333	0.525	1	61	76	3.025	0.39375
4.191667	0.191667	1	45	82	3.14375	0.14375
4.308333	0.183333	1	49	80	3.23125	0.1375
4.466667	0.183333	1	50	80	3.35	0.1375
4.508333	0.525	1	69	78	3.38125	0.39375
4.675	0.175	1	51	84	3.50625	0.13125
4.8	0.175	1	52	79	3.6	0.13125
5	0.483333	1	57	72	3.75	0.3625
5.025	0.508333	1	61	72	3.76875	0.38125
5.033333	0.508333	1	64	70	3.775	0.38125
5.508333	0.475	1	52	69	4.13125	0.35625
5.508333	0.5	1	73	66	4.13125	0.375
5.991667	0.45	1	52	73	4.49375	0.3375
6.025	0.508333	1	49	74	4.51875	0.38125
6.15	0.141667	1	33	71	4.6125	0.10625
6.358333	0.166667	1	37	76	4.76875	0.125
6.483333	0.491667	1	57	72	4.8625	0.36875
6.491667	0.166667	1	38	74	4.86875	0.125
6.691667	0.166667	1	39	73	5.01875	0.125
6.808333	0.183333	1	40	75	5.10625	0.1375
6.975	0.483333	1	45	69	5.23125	0.3625
6.983333	0.483333	1	52	75	5.2375	0.3625
7.025	0.483333	1	49	71	5.26875	0.3625
7.508333	0.491667	1	40	69	5.63125	0.36875
7.533333	0.525	1	61	72	5.65	0.39375
8	0.483333	1	49	79	6	0.3625
8.033333	0.525	1	52	76	6.025	0.39375
8.175	0.183333	1	33	74	6.13125	0.1375
8.366667	0.191667	1	37	76	6.275	0.14375
8.483333	0.525	1	57	76	6.3625	0.39375
8.516667	0.175	1	38	71	6.3875	0.13125
8.658333	0.15	1	39	76	6.49375	0.1125
8.808333	0.175	1	40	79	6.60625	0.13125
9.016667	0.491667	1	52	72	6.7625	0.36875
9.033333	0.5	1	49	75	6.775	0.375
9.033333	0.475	1	45	73	6.775	0.35625
9.5	0.516667	1	40	71	7.125	0.3875
9.525	0.483333	1	61	73	7.14375	0.3625
9.975	0.508333	1	57	76	7.48125	0.38125
10.058333	0.483333	1	52	72	7.54375	0.3625
10.1	0.508333	1	49	74	7.575	0.38125
10.15	0.508333	1	45	66	7.6125	0.38125
10.191667	0.491667	1	40	74	7.64375	0.36875
10.208333	0.5	1	33	67	7.65625	0.375
12.025	0.508333	1	45	79	9.01875	0.38125
12.166667	0.158333	1	52	79	9.125	0.11875
12.341667	0.166667	1	61	81	9.25625	0.125
12.466667	0.508333	1	49	81	9.35	0.38125
12.483333	0.525	1	52	77	9.3625	0.39375
12.525	0.183333	1	57	82	9.39375	0.1375
12.658333	0.158333	1	64	83	9.49375	0.11875
12.8	0.166667	1	61	78	9.6	0.125
13	0.5	1	45	75	9.75	0.375
13.033333	0.475	1	69	74	9.775	0.35625
13.491667	0.483333	1	64	73	10.11875	0.3625
13.5	0.525	1	52	71	10.125	0.39375
13.516667	0.508333	1	49	70	10.1375	0.38125
13.533333	0.491667	1	57	68	10.15	0.36875
14.016667	0.508333	1	45	72	10.5125	0.38125
14.175	0.175	1	52	80	10.63125	0.13125
14.308333	0.191667	1	61	81	10.73125	0.14375
14.475	0.475	1	52	84	10.85625	0.35625
14.483333	0.508333	1	49	87	10.8625	0.38125
14.533333	0.141667	1	57	83	10.9	0.10625
14.675	0.183333	1	64	86	11.00625	0.1375
14.816667	0.141667	1	61	84	11.1125	0.10625
14.966667	0.475	1	45	77	11.225	0.35625
14.975	0.5	1	69	76	11.23125	0.375
15.5	0.516667	1	57	74	11.625	0.3875
15.508333	0.491667	1	64	72	11.63125	0.36875
15.525	0.525	1	49	71	11.64375	0.39375
15.533333	0.508333	1	52	66	11.65	0.38125
16.033333	0.491667	1	40	77	12.025	0.36875
16.166667	0.175	1	52	85	12.125	0.13125
16.366667	0.158333	1	62	86	12.275	0.11875
16.475	0.508333	1	50	83	12.35625	0.38125
16.491667	0.141667	1	59	84	12.36875	0.10625
16.516667	0.516667	1	52	86	12.3875	0.3875
16.533333	0.516667	1	56	82	12.4	0.3875
16.683333	0.183333	1	64	87	12.5125	0.1375
16.841667	0.158333	1	62	86	12.63125	0.11875
17.016667	0.508333	1	40	70	12.7625	0.38125
17.033333	0.491667	1	71	75	12.775	0.36875
17.475	0.483333	1	64	68	13.10625	0.3625
17.483333	0.525	1	59	66	13.1125	0.39375
17.491667	0.475	1	54	72	13.11875	0.35625
17.508333	0.475	1	56	67	13.13125	0.35625
18.016667	0.516667	1	40	71	13.5125	0.3875
18.191667	0.158333	1	52	88	13.64375	0.11875
18.358333	0.175	1	62	86	13.76875	0.13125
18.466667	0.475	1	50	89	13.85	0.35625
18.483333	0.5	1	52	89	13.8625	0.375
18.525	0.491667	1	56	88	13.89375	0.36875
18.533333	0.158333	1	59	88	13.9	0.11875
18.641667	0.175	1	64	85	13.98125	0.13125
18.866667	0.191667	1	62	90	14.15	0.14375
18.966667	0.5	1	71	71	14.225	0.375
19.025	0.5	1	40	71	14.26875	0.375
19.483333	0.508333	1	56	73	14.6125	0.38125
19.5	0.491667	1	59	73	14.625	0.36875
19.508333	0.516667	1	64	72	14.63125	0.3875
19.533333	0.525	1	54	70	14.65	0.39375
20.025	0.508333	1	45	78	15.01875	0.38125
20.141667	0.183333	1	52	88	15.10625	0.1375
20.308333	0.15	1	61	92	15.23125	0.1125
20.475	0.158333	1	57	90	15.35625	0.11875
20.533333	0.525	1	52	95	15.4	0.39375
20.533333	0.508333	1	49	88	15.4	0.38125
20.65	0.15	1	64	89	15.4875	0.1125
20.8	0.158333	1	61	94	15.6	0.11875
21.016667	0.525	1	69	91	15.7625	0.39375
21.025	0.475	1	45	91	15.76875	0.35625
21.508333	0.508333	1	64	74	16.13125	0.38125
21.508333	0.516667	1	49	71	16.13125	0.3875
21.508333	0.516667	1	52	67	16.13125	0.3875
21.533333	0.483333	1	57	71	16.15	0.3625
22	0.508333	1	45	71	16.5	0.38125
22.133333	0.166667	1	52	93	16.6	0.125
22.341667	0.191667	1	61	94	16.75625	0.14375
22.466667	0.475	1	52	93	16.85	0.35625
22.491667	0.15	1	57	95	16.86875	0.1125
22.508333	0.491667	1	49	95	16.88125	0.36875
22.675	0.141667	1	64	99	17.00625	0.10625
22.85	0.141667	1	61	96	17.1375	0.10625
23.008333	0.525	1	69	70	17.25625	0.39375
23.025	0.5	1	45	77	17.26875	0.375
23.475	0.5	1	52	71	17.60625	0.375
23.483333	0.525	1	57	73	17.6125	0.39375
23.483333	0.508333	1	64	70	17.6125	0.38125
23.525	0.508333	1	49	73	17.64375	0.38125
24.033333	0.508333	1	35	75	18.025	0.38125
24.133333	0.166667	1	56	98	18.1	0.125
24.3	0.183333	1	64	102	18.225	0.1375
24.5	0.525	1	52	68	18.375	0.39375
24.516667	0.191667	1	59	96	18.3875	0.14375
24.525	0.475	1	56	71	18.39375	0.35625
24.525	0.491667	1	47	67	18.39375	0.36875
24.641667	0.158333	1	68	98	18.48125	0.11875
24.8	0.15	1	64	101	18.6	0.1125
24.975	0.508333	1	35	75	18.73125	0.38125
25.033333	0.525	1	71	73	18.775	0.39375
25.483333	0.475	1	63	70	19.1125	0.35625
25.491667	0.475	1	47	71	19.11875	0.35625
25.516667	0.508333	1	54	71	19.1375	0.38125
25.533333	0.475	1	57	72	19.15	0.35625
25.966667	0.491667	1	40	76	19.475	0.36875
26.15	0.15	1	52	99	19.6125	0.1125
26.358333	0.158333	1	59	99	19.76875	0.11875
26.508333	0.483333	1	47	69	19.88125	0.3625
26.525	0.166667	1	56	99	19.89375	0.125
26.533333	0.525	1	52	67	19.9	0.39375
26.658333	0.183333	1	64	104	19.99375	0.1375
26.85	0.15	1	56	101	20.1375	0.1125
26.975	0.5	1	40	72	20.23125	0.375
26.991667	0.516667	1	71	70	20.24375	0.3875
27.466667	0.5	1	52	73	20.6	0.375
27.466667	0.516667	1	47	72	20.6	0.3875
27.491667	0.5	1	56	68	20.61875	0.375
27.5	0.5	1	64	68	20.625	0.375
27.991667	0.508333	1	40	79	20.99375	0.38125
28.175	0.175	1	56	98	21.13125	0.13125
28.341667	0.166667	1	59	99	21.25625	0.125
28.466667	0.483333	1	50	70	21.35	0.3625
28.491667	0.508333	1	52	71	21.36875	0.38125
28.508333	0.158333	1	62	103	21.38125	0.11875
28.525	0.475	1	56	70	21.39375	0.35625
28.633333	0.141667	1	63	103	21.475	0.10625
28.841667	0.158333	1	64	102	21.63125	0.11875
28.983333	0.5	1	40	75	21.7375	0.375
28.991667	0.525	1	66	73	21.74375	0.39375
29.466667	0.508333	1	56	71	22.1	0.38125
29.466667	0.475	1	52	73	22.1	0.35625
29.5	0.483333	1	64	69	22.125	0.3625
29.533333	0.516667	1	50	73	22.15	0.3875
29.975	0.475	1	45	72	22.48125	0.35625
30.133333	0.191667	1	57	104	22.6	0.14375
30.325	0.166667	1	61	103	22.74375	0.125
30.475	0.491667	1	57	73	22.85625	0.36875
30.491667	0.491667	1	52	70	22.86875	0.36875
30.508333	0.5	1	49	69	22.88125	0.375
30.516667	0.141667	1	62	104	22.8875	0.10625
30.633333	0.191667	1	63	103	22.975	0.14375
30.8	0.191667	1	64	99	23.1	0.14375
30.975	0.516667	1	45	69	23.23125	0.3875
31	0.475	1	73	69	23.25	0.35625
31.475	0.491667	1	57	69	23.60625	0.36875
31.475	0.508333	1	49	69	23.60625	0.38125
31.483333	0.475	1	52	71	23.6125	0.35625
31.516667	0.5	1	69	68	23.6375	0.375
32.008333	0.483333	1	40	75	24.00625	0.3625
32.175	0.183333	1	56	98	24.13125	0.1375
32.366667	0.183333	1	59	96	24.275	0.1375
32.483333	0.491667	1	50	72	24.3625	0.36875
32.5	0.491667	1	52	69	24.375	0.36875
32.508333	0.158333	1	62	102	24.38125	0.11875
32.525	0.525	1	56	74	24.39375	0.39375
32.691667	0.15	1	63	96	24.51875	0.1125
32.866667	0.191667	1	64	100	24.65	0.14375
33.008333	0.491667	1	66	69	24.75625	0.36875
33.025	0.525	1	40	72	24.76875	0.39375
33.508333	0.516667	1	50	71	25.13125	0.3875
33.508333	0.491667	1	64	74	25.13125	0.36875
33.516667	0.516667	1	56	67	25.1375	0.3875
33.516667	0.5	1	52	67	25.1375	0.375
33.966667	0.525	1	45	74	25.475	0.39375
34.191667	0.183333	1	57	101	25.64375	0.1375
34.366667	0.191667	1	61	97	25.775	0.14375
34.466667	0.516667	1	49	74	25.85	0.3875
34.483333	0.508333	1	52	72	25.8625	0.38125
34.491667	0.5	1	57	66	25.86875	0.375
34.508333	0.158333	1	62	102	25.88125	0.11875
34.675	0.183333	1	63	104	26.00625	0.1375
34.808333	0.158333	1	64	97	26.10625	0.11875
34.966667	0.491667	1	73	76	26.225	0.36875
34.991667	0.475	1	45	74	26.24375	0.35625
35.475	0.491667	1	69	70	26.60625	0.36875
35.475	0.525	1	52	69	26.60625	0.39375
35.483333	0.475	1	57	67	26.6125	0.35625
35.483333	0.516667	1	49	67	26.6125	0.3875
36.025	0.483333	1	38	74	27.01875	0.3625
36.191667	0.141667	1	57	96	27.14375	0.10625
36.333333	0.175	1	62	101	27.25	0.13125
36.466667	0.15	1	66	103	27.35	0.1125
36.483333	0.508333	1	57	73	27.3625	0.38125
36.5	0.516667	1	50	72	27.375	0.3875
36.516667	0.516667	1	54	66	27.3875	0.3875
36.691667	0.166667	1	67	97	27.51875	0.125
36.833333	0.166667	1	68	100	27.625	0.125
36.966667	0.508333	1	38	70	27.725	0.38125
37.016667	0.508333	1	71	76	27.7625	0.38125
37.466667	0.525	1	69	73	28.1	0.39375
37.483333	0.491667	1	50	68	28.1125	0.36875
37.508333	0.5	1	54	74	28.13125	0.375
37.533333	0.5	1	57	66	28.15	0.375
37.966667	0.483333	1	45	78	28.475	0.3625
38.15	0.166667	1	57	98	28.6125	0.125
38.35	0.191667	1	61	97	28.7625	0.14375
38.475	0.525	1	52	71	28.85625	0.39375
38.516667	0.525	1	57	71	28.8875	0.39375
38.525	0.483333	1	49	74	28.89375	0.3625
38.533333	0.175	1	62	100	28.9	0.13125
38.658333	0.191667	1	63	99	28.99375	0.14375
38.858333	0.191667	1	64	102	29.14375	0.14375
38.975	0.491667	1	45	76	29.23125	0.36875
38.975	0.483333	1	71	69	29.23125	0.3625
39.475	0.491667	1	69	69	29.60625	0.36875
39.483333	0.483333	1	52	67	29.6125	0.3625
39.508333	0.5	1	57	66	29.63125	0.375
39.516667	0.5	1	49	69	29.6375	0.375
39.975	0.483333	1	40	71	29.98125	0.3625
40.141667	0.15	1	59	102	30.10625	0.1125
40.358333	0.175	1	62	101	30.26875	0.13125
40.5	0.158333	1	63	98	30.375	0.11875
40.508333	0.5	1	52	71	30.38125	0.375
40.516667	0.5	1	50	71	30.3875	0.375
40.533333	0.483333	1	56	71	30.4	0.3625
40.691667	0.166667	1	64	99	30.51875	0.125
40.866667	0.166667	1	68	97	30.65	0.125
41	0.5	1	74	74	30.75	0.375
41	0.525	1	40	71	30.75	0.39375
41.475	0.508333	1	56	73	31.10625	0.38125
41.525	0.525	1	52	70	31.14375	0.39375
41.533333	0.483333	1	71	67	31.15	0.3625
41.533333	0.491667	1	50	72	31.15	0.36875
42.025	0.5	1	45	79	31.51875	0.375
42.2	0.15	1	57	103	31.65	0.1125
42.35	0.166667	1	61	104	31.7625	0.125
42.491667	0.15	1	62	101	31.86875	0.1125
42.5	0.5	1	57	73	31.875	0.375
42.516667	0.516667	1	52	70	31.8875	0.3875
42.525	0.483333	1	49	74	31.89375	0.3625
42.641667	0.141667	1	63	96	31.98125	0.10625
42.816667	0.141667	1	64	99	32.1125	0.10625
42.966667	0.475	1	45	74	32.225	0.35625
43.025	0.5	1	73	70	32.26875	0.375
43.475	0.508333	1	49	68	32.60625	0.38125
43.508333	0.516667	1	52	71	32.63125	0.3875
43.516667	0.508333	1	57	73	32.6375	0.38125
43.516667	0.516667	1	69	67	32.6375	0.3875
43.983333	0.508333	1	38	75	32.9875	0.38125
44.141667	0.158333	1	57	101	33.10625	0.11875
44.308333	0.141667	1	62	97	33.23125	0.10625
44.466667	0.475	1	57	69	33.35	0.35625
44.491667	0.191667	1	66	96	33.36875	0.14375
44.491667	0.525	1	50	70	33.36875	0.39375
44.5	0.491667	1	54	68	33.375	0.36875
44.666667	0.158333	1	67	99	33.5	0.11875
44.816667	0.15	1	68	97	33.6125	0.1125
44.966667	0.516667	1	71	75	33.725	0.3875
45	0.525	1	38	75	33.75	0.39375
45.475	0.491667	1	69	68	34.10625	0.36875
45.483333	0.483333	1	54	71	34.1125	0.3625
45.491667	0.475	1	50	70	34.11875	0.35625
45.5	0.525	1	57	69	34.125	0.39375
46.033333	0.483333	1	45	72	34.525	0.3625
46.133333	0.15	1	57	104	34.6	0.1125
46.3	0.175	1	61	97	34.725	0.13125
46.483333	0.525	1	52	72	34.8625	0.39375
46.483333	0.516667	1	49	71	34.8625	0.3875
46.483333	0.475	1	57	73	34.8625	0.35625
46.525	0.183333	1	62	103	34.89375	0.1375
46.666667	0.141667	1	63	104	35	0.10625
46.816667	0.141667	1	64	100	35.1125	0.10625
46.991667	0.483333	1	45	74	35.24375	0.3625
47	0.475	1	71	71	35.25	0.35625
47.475	0.475	1	57	74	35.60625	0.35625
47.508333	0.508333	1	69	68	35.63125	0.38125
47.516667	0.516667	1	52	71	35.6375	0.3875
47.516667	0.491667	1	49	71	35.6375	0.36875
48.033333	0.516667	1	40	77	36.025	0.3875
48.191667	0.183333	1	57	103	36.14375	0.1375
48.316667	0.166667	1	62	96	36.2375	0.125
48.466667	0.475	1	52	67	36.35	0.35625
48.483333	0.475	1	50	66	36.3625	0.35625
48.491667	0.15	1	66	101	36.36875	0.1125
48.516667	0.483333	1	56	71	36.3875	0.3625
48.691667	0.158333	1	68	99	36.51875	0.11875
48.858333	0.158333	1	68	98	36.64375	0.11875
48.975	0.491667	1	40	76	36.73125	0.36875
49.016667	0.516667	1	74	70	36.7625	0.3875
49.491667	0.491667	1	56	74	37.11875	0.36875
49.5	0.475	1	52	73	37.125	0.35625
49.516667	0.483333	1	71	71	37.1375	0.3625
49.525	0.483333	1	50	69	37.14375	0.3625
49.975	0.508333	1	45	75	37.48125	0.38125
50.175	0.15	1	57	101	37.63125	0.1125
50.316667	0.166667	1	61	96	37.7375	0.125
50.475	0.141667	1	62	103	37.85625	0.10625
50.483333	0.5	1	49	69	37.8625	0.375
50.5	0.491667	1	52	67	37.875	0.36875
50.516667	0.5	1	57	69	37.8875	0.375
50.683333	0.191667	1	63	101	38.0125	0.14375
50.8	0.141667	1	64	98	38.1	0.10625
51.016667	0.525	1	73	69	38.2625	0.39375
51.025	0.491667	1	45	71	38.26875	0.36875
51.491667	0.475	1	69	67	38.61875	0.35625
51.491667	0.508333	1	49	68	38.61875	0.38125
51.5	0.516667	1	52	73	38.625	0.3875
51.5	0.508333	1	57	73	38.625	0.38125
52	0.525	1	64	71	39	0.39375
52.033333	0.516667	1	61	78	39.025	0.3875
52.141667	0.175	1	45	89	39.10625	0.13125
52.333333	0.175	1	49	91	39.25	0.13125
52.491667	0.141667	1	50	94	39.36875	0.10625
52.5	0.516667	1	69	97	39.375	0.3875
52.691667	0.141667	1	51	90	39.51875	0.10625
52.858333	0.158333	1	52	97	39.64375	0.11875
52.975	0.508333	1	57	77	39.73125	0.38125
52.983333	0.475	1	64	71	39.7375	0.35625
53.033333	0.525	1	61	73	39.775	0.39375
53.491667	0.491667	1	52	69	40.11875	0.36875
53.525	0.5	1	73	74	40.14375	0.375
53.983333	0.508333	1	61	78	40.4875	0.38125
54.016667	0.525	1	64	72	40.5125	0.39375
54.141667	0.191667	1	45	97	40.60625	0.14375
54.316667	0.183333	1	49	95	40.7375	0.1375
54.466667	0.491667	1	69	90	40.85	0.36875
54.5	0.158333	1	50	92	40.875	0.11875
54.658333	0.15	1	51	91	40.99375	0.1125
54.816667	0.141667	1	52	94	41.1125	0.10625
54.975	0.475	1	61	96	41.23125	0.35625
54.991667	0.475	1	57	91	41.24375	0.35625
55.025	0.525	1	64	96	41.26875	0.39375
55.475	0.475	1	52	69	41.60625	0.35625
55.5	0.483333	1	73	72	41.625	0.3625
55.991667	0.508333	1	52	72	41.99375	0.38125
56.016667	0.483333	1	49	79	42.0125	0.3625
56.141667	0.141667	1	33	87	42.10625	0.10625
56.325	0.191667	1	37	87	42.24375	0.14375
56.483333	0.491667	1	57	87	42.3625	0.36875
56.5	0.141667	1	38	84	42.375	0.10625
56.691667	0.183333	1	39	88	42.51875	0.1375
56.841667	0.15	1	40	85	42.63125	0.1125
56.983333	0.483333	1	49	69	42.7375	0.3625
57.008333	0.508333	1	52	72	42.75625	0.38125
57.016667	0.475	1	45	76	42.7625	0.35625
57.516667	0.516667	1	61	72	43.1375	0.3875
57.525	0.516667	1	40	70	43.14375	0.3875
57.983333	0.483333	1	49	73	43.4875	0.3625
58.016667	0.508333	1	52	76	43.5125	0.38125
58.175	0.166667	1	33	84	43.63125	0.125
58.325	0.141667	1	37	91	43.74375	0.10625
58.466667	0.508333	1	57	87	43.85	0.38125
58.483333	0.175	1	38	84	43.8625	0.13125
58.675	0.166667	1	39	88	44.00625	0.125
58.841667	0.141667	1	40	90	44.13125	0.10625
58.983333	0.516667	1	45	71	44.2375	0.3875
58.983333	0.508333	1	49	77	44.2375	0.38125
58.983333	0.491667	1	52	72	44.2375	0.36875
59.483333	0.525	1	61	74	44.6125	0.39375
59.5	0.483333	1	40	69	44.625	0.3625
59.983333	0.483333	1	45	76	44.9875	0.3625
60.191667	0.191667	1	52	96	45.14375	0.14375
60.308333	0.183333	1	61	89	45.23125	0.1375
60.491667	0.141667	1	57	97	45.36875	0.10625
60.508333	0.491667	1	49	93	45.38125	0.36875
60.533333	0.483333	1	52	89	45.4	0.3625
60.658333	0.183333	1	64	95	45.49375	0.1375
60.825	0.183333	1	61	95	45.61875	0.1375
60.975	0.483333	1	69	96	45.73125	0.3625
61	0.491667	1	45	99	45.75	0.36875
61.475	0.483333	1	57	69	46.10625	0.3625
61.483333	0.516667	1	49	71	46.1125	0.3875
61.5	0.475	1	64	74	46.125	0.35625
61.5	0.475	1	52	72	46.125	0.35625
62.033333	0.5	1	45	76	46.525	0.375
62.158333	0.183333	1	52	97	46.61875	0.1375
62.366667	0.175	1	61	92	46.775	0.13125
62.508333	0.525	1	49	94	46.88125	0.39375
62.508333	0.5	1	52	97	46.88125	0.375
62.508333	0.166667	1	57	92	46.88125	0.125
62.65	0.15	1	64	92	46.9875	0.1125
62.808333	0.183333	1	61	100	47.10625	0.1375
62.966667	0.5	1	45	70	47.225	0.375
62.983333	0.508333	1	69	76	47.2375	0.38125
63.475	0.5	1	52	68	47.60625	0.375
63.475	0.5	1	57	66	47.60625	0.375
63.525	0.508333	1	64	71	47.64375	0.38125
63.525	0.491667	1	49	72	47.64375	0.36875
63.991667	0.525	1	40	78	47.99375	0.39375
64.166667	0.166667	1	52	100	48.125	0.125
64.3	0.158333	1	62	96	48.225	0.11875
64.475	0.525	1	50	70	48.35625	0.39375
64.483333	0.5	1	56	73	48.3625	0.375
64.491667	0.475	1	52	67	48.36875	0.35625
64.533333	0.166667	1	59	101	48.4	0.125
64.675	0.158333	1	64	99	48.50625	0.11875
64.833333	0.158333	1	62	102	48.625	0.11875
64.975	0.516667	1	71	75	48.73125	0.3875
64.975	0.491667	1	40	71	48.73125	0.36875
65.483333	0.525	1	56	74	49.1125	0.39375
65.483333	0.483333	1	64	71	49.1125	0.3625
65.525	0.525	1	59	73	49.14375	0.39375
65.533333	0.516667	1	54	73	49.15	0.3875
66.025	0.483333	1	40	79	49.51875	0.3625
66.15	0.166667	1	52	96	49.6125	0.125
66.3	0.158333	1	62	96	49.725	0.11875
66.483333	0.508333	1	50	72	49.8625	0.38125
66.516667	0.525	1	52	74	49.8875	0.39375
66.533333	0.175	1	59	98	49.9	0.13125
66.533333	0.525	1	56	67	49.9	0.39375
66.691667	0.166667	1	64	103	50.01875	0.125
66.858333	0.183333	1	62	104	50.14375	0.1375
66.991667	0.525	1	71	72	50.24375	0.39375
67.008333	0.525	1	40	76	50.25625	0.39375
67.483333	0.5	1	54	73	50.6125	0.375
67.491667	0.475	1	56	71	50.61875	0.35625
67.516667	0.491667	1	59	72	50.6375	0.36875
67.525	0.516667	1	64	74	50.64375	0.3875
67.991667	0.491667	1	45	73	50.99375	0.36875
68.158333	0.158333	1	52	96	51.11875	0.11875
68.358333	0.158333	1	61	98	51.26875	0.11875
68.491667	0.5	1	52	74	51.36875	0.375
68.5	0.166667	1	57	104	51.375	0.125
68.533333	0.483333	1	49	71	51.4	0.3625
68.666667	0.183333	1	64	100	51.5	0.1375
68.808333	0.175	1	61	97	51.60625	0.13125
68.975	0.483333	1	45	76	51.73125	0.3625
69.033333	0.508333	1	69	70	51.775	0.38125
69.508333	0.475	1	49	66	52.13125	0.35625
69.525	0.5	1	52	73	52.14375	0.375
69.533333	0.525	1	64	72	52.15	0.39375
69.533333	0.5	1	57	66	52.15	0.375
70	0.475	1	45	73	52.5	0.35625
70.175	0.191667	1	52	104	52.63125	0.14375
70.325	0.141667	1	61	96	52.74375	0.10625
70.466667	0.15	1	57	99	52.85	0.1125
70.5	0.525	1	52	72	52.875	0.39375
70.5	0.525	1	49	74	52.875	0.39375
70.658333	0.15	1	64	100	52.99375	0.1125
70.8	0.158333	1	61	100	53.1	0.11875
71.025	0.491667	1	69	70	53.26875	0.36875
71.025	0.525	1	45	75	53.26875	0.39375
71.475	0.508333	1	64	71	53.60625	0.38125
71.508333	0.508333	1	49	69	53.63125	0.38125
71.508333	0.516667	1	52	69	53.63125	0.3875
71.508333	0.483333	1	57	74	53.63125	0.3625
72.008333	0.491667	1	35	71	54.00625	0.36875
72.191667	0.166667	1	56	99	54.14375	0.125
72.308333	0.191667	1	64	102	54.23125	0.14375
72.466667	0.516667	1	56	70	54.35	0.3875
72.466667	0.508333	1	52	73	54.35	0.38125
72.5	0.516667	1	47	67	54.375	0.3875
72.533333	0.141667	1	59	102	54.4	0.10625
72.683333	0.191667	1	68	98	54.5125	0.14375
72.841667	0.158333	1	64	100	54.63125	0.11875
73.008333	0.525	1	71	73	54.75625	0.39375
73.016667	0.508333	1	35	72	54.7625	0.38125
73.466667	0.475	1	47	68	55.1	0.35625
73.483333	0.483333	1	57	73	55.1125	0.3625
73.483333	0.508333	1	63	72	55.1125	0.38125
73.491667	0.516667	1	54	73	55.11875	0.3875
73.975	0.516667	1	40	71	55.48125	0.3875
74.15	0.15	1	52	98	55.6125	0.1125
74.341667	0.158333	1	59	96	55.75625	0.11875
74.466667	0.491667	1	52	71	55.85	0.36875
74.525	0.166667	1	56	104	55.89375	0.125
74.533333	0.475	1	47	68	55.9	0.35625
74.691667	0.158333	1	64	96	56.01875	0.11875
74.8	0.158333	1	56	97	56.1	0.11875
74.991667	0.475	1	40	72	56.24375	0.35625
74.991667	0.5	1	71	71	56.24375	0.375
75.475	0.475	1	56	66	56.60625	0.35625
75.475	0.516667	1	47	67	56.60625	0.3875
75.5	0.5	1	52	74	56.625	0.375
75.516667	0.508333	1	64	67	56.6375	0.38125
76.025	0.525	1	40	77	57.01875	0.39375
76.15	0.158333	1	56	99	57.1125	0.11875
76.325	0.141667	1	59	101	57.24375	0.10625
76.483333	0.483333	1	56	69	57.3625	0.3625
76.5	0.5	1	50	74	57.375	0.375
76.525	0.475	1	52	66	57.39375	0.35625
76.525	0.183333	1	62	97	57.39375	0.1375
76.675	0.175	1	63	100	57.50625	0.13125
76.833333	0.141667	1	64	104	57.625	0.10625
76.983333	0.525	1	40	71	57.7375	0.39375
76.991667	0.516667	1	66	73	57.74375	0.3875
77.466667	0.483333	1	50	74	58.1	0.3625
77.5	0.475	1	52	72	58.125	0.35625
77.508333	0.508333	1	64	69	58.13125	0.38125
77.525	0.525	1	56	70	58.14375	0.39375
77.966667	0.516667	1	45	73	58.475	0.3875
78.158333	0.191667	1	57	98	58.61875	0.14375
78.3	0.175	1	61	97	58.725	0.13125
78.466667	0.5	1	57	66	58.85	0.375
78.475	0.516667	1	49	73	58.85625	0.3875
78.491667	0.141667	1	62	102	58.86875	0.10625
78.516667	0.516667	1	52	74	58.8875	0.3875
78.691667	0.15	1	63	104	59.01875	0.1125
78.825	0.15	1	64	101	59.11875	0.1125
78.983333	0.508333	1	45	77	59.2375	0.38125
79.016667	0.525	1	73	77	59.2625	0.39375
79.491667	0.483333	1	69	66	59.61875	0.3625
79.5	0.475	1	49	69	59.625	0.35625
79.533333	0.475	1	57	67	59.65	0.35625
79.533333	0.525	1	52	71	59.65	0.39375
80.008333	0.491667	1	40	78	60.00625	0.36875
80.183333	0.166667	1	56	97	60.1375	0.125
80.366667	0.15	1	59	101	60.275	0.1125
80.475	0.5	1	52	66	60.35625	0.375
80.483333	0.475	1	56	71	60.3625	0.35625
80.508333	0.525	1	50	66	60.38125	0.39375
80.516667	0.158333	1	62	99	60.3875	0.11875
80.641667	0.158333	1	63	99	60.48125	0.11875
80.858333	0.183333	1	64	102	60.64375	0.1375
80.975	0.491667	1	66	77	60.73125	0.36875
81.016667	0.525	1	40	77	60.7625	0.39375
81.466667	0.516667	1	56	68	61.1	0.3875
81.466667	0.491667	1	64	67	61.1	0.36875
81.491667	0.516667	1	52	69	61.11875	0.3875
81.533333	0.516667	1	50	71	61.15	0.3875
81.975	0.516667	1	45	72	61.48125	0.3875
82.183333	0.158333	1	57	100	61.6375	0.11875
82.308333	0.191667	1	61	100	61.73125	0.14375
82.466667	0.516667	1	52	70	61.85	0.3875
82.491667	0.191667	1	62	100	61.86875	0.14375
82.525	0.483333	1	57	66	61.89375	0.3625
82.533333	0.491667	1	49	72	61.9	0.36875
82.641667	0.15	1	63	100	61.98125	0.1125
82.841667	0.183333	1	64	96	62.13125	0.1375
82.983333	0.516667	1	73	76	62.2375	0.3875
83	0.483333	1	45	77	62.25	0.3625
83.475	0.5	1	49	67	62.60625	0.375
83.475	0.508333	1	52	72	62.60625	0.38125
83.483333	0.5	1	57	66	62.6125	0.375
83.5	0.508333	1	69	67	62.625	0.38125
84.025	0.475	1	38	79	63.01875	0.35625
84.191667	0.15	1	57	101	63.14375	0.1125
84.333333	0.141667	1	62	100	63.25	0.10625
84.483333	0.525	1	57	69	63.3625	0.39375
84.491667	0.166667	1	66	103	63.36875	0.125
84.491667	0.475	1	50	74	63.36875	0.35625
84.508333	0.516667	1	54	66	63.38125	0.3875
84.65	0.158333	1	67	103	63.4875	0.11875
84.85	0.183333	1	68	103	63.6375	0.1375
84.991667	0.491667	1	71	77	63.74375	0.36875
85.025	0.475	1	38	69	63.76875	0.35625
85.466667	0.5	1	50	66	64.1	0.375
85.525	0.5	1	69	66	64.14375	0.375
85.533333	0.525	1	57	74	64.15	0.39375
85.533333	0.491667	1	54	66	64.15	0.36875
85.991667	0.475	1	45	77	64.49375	0.35625
86.183333	0.141667	1	57	99	64.6375	0.10625
86.316667	0.183333	1	61	100	64.7375	0.1375
86.466667	0.15	1	62	98	64.85	0.1125
86.483333	0.508333	1	52	71	64.8625	0.38125
86.483333	0.508333	1	49	72	64.8625	0.38125
86.491667	0.516667	1	57	74	64.86875	0.3875
86.675	0.141667	1	63	96	65.00625	0.10625
86.85	0.15	1	64	101	65.1375	0.1125
87	0.491667	1	45	74	65.25	0.36875
87.016667	0.525	1	71	72	65.2625	0.39375
87.483333	0.5	1	49	68	65.6125	0.375
87.5	0.475	1	69	66	65.625	0.35625
87.525	0.491667	1	57	71	65.64375	0.36875
87.533333	0.475	1	52	67	65.65	0.35625
87.966667	0.508333	1	40	78	65.975	0.38125
88.183333	0.15	1	59	96	66.1375	0.1125
88.3	0.158333	1	62	98	66.225	0.11875
88.466667	0.508333	1	50	67	66.35	0.38125
88.475	0.483333	1	52	70	66.35625	0.3625
88.483333	0.166667	1	63	101	66.3625	0.125
88.508333	0.508333	1	56	71	66.38125	0.38125
88.7	0.183333	1	64	100	66.525	0.1375
88.833333	0.191667	1	68	101	66.625	0.14375
88.966667	0.5	1	40	77	66.725	0.375
89.033333	0.5	1	74	74	66.775	0.375
89.508333	0.483333	1	56	69	67.13125	0.3625
89.516667	0.491667	1	71	68	67.1375	0.36875
89.516667	0.475	1	50	73	67.1375	0.35625
89.533333	0.483333	1	52	70	67.15	0.3625
90.016667	0.483333	1	45	71	67.5125	0.3625
90.141667	0.15	1	57	104	67.60625	0.1125
90.316667	0.191667	1	61	100	67.7375	0.14375
90.483333	0.475	1	57	71	67.8625	0.35625
90.483333	0.475	1	49	71	67.8625	0.35625
90.5	0.483333	1	52	72	67.875	0.3625
90.525	0.175	1	62	102	67.89375	0.13125
90.666667	0.175	1	63	96	68	0.13125
90.833333	0.15	1	64	100	68.125	0.1125
90.966667	0.525	1	45	71	68.225	0.39375
91.025	0.525	1	73	72	68.26875	0.39375
91.466667	0.5	1	57	72	68.6	0.375
91.475	0.491667	1	49	74	68.60625	0.36875
91.491667	0.491667	1	52	72	68.61875	0.36875
91.516667	0.491667	1	69	70	68.6375	0.36875
91.975	0.483333	1	38	79	68.98125	0.3625
92.133333	0.191667	1	57	96	69.1	0.14375
92.358333	0.15	1	62	104	69.26875	0.1125
92.475	0.191667	1	66	104	69.35625	0.14375
92.5	0.525	1	57	73	69.375	0.39375
92.508333	0.491667	1	54	70	69.38125	0.36875
92.533333	0.475	1	50	72	69.4	0.35625
92.658333	0.191667	1	67	98	69.49375	0.14375
92.825	0.15	1	68	103	69.61875	0.1125
92.983333	0.475	1	71	77	69.7375	0.35625
92.983333	0.516667	1	38	72	69.7375	0.3875
93.483333	0.5	1	57	68	70.1125	0.375
93.491667	0.5	1	69	74	70.11875	0.375
93.491667	0.508333	1	50	72	70.11875	0.38125
93.516667	0.483333	1	54	74	70.1375	0.3625
94.016667	0.5	1	45	71	70.5125	0.375
94.158333	0.166667	1	57	97	70.61875	0.125
94.308333	0.141667	1	61	101	70.73125	0.10625
94.483333	0.475	1	49	73	70.8625	0.35625
94.483333	0.15	1	62	96	70.8625	0.1125
94.491667	0.525	1	57	70	70.86875	0.39375
94.5	0.491667	1	52	67	70.875	0.36875
94.658333	0.183333	1	63	100	70.99375	0.1375
94.85	0.141667	1	64	103	71.1375	0.10625
94.966667	0.491667	1	71	74	71.225	0.36875
95.025	0.475	1	45	71	71.26875	0.35625
95.483333	0.5	1	49	72	71.6125	0.375
95.491667	0.525	1	57	72	71.61875	0.39375
95.508333	0.491667	1	52	69	71.63125	0.36875
95.516667	0.491667	1	69	68	71.6375	0.36875
95.975	0.483333	1	40	76	71.98125	0.3625
96.15	0.15	1	57	97	72.1125	0.1125
96.316667	0.191667	1	62	96	72.2375	0.14375
96.466667	0.475	1	52	69	72.35	0.35625
96.475	0.525	1	50	68	72.35625	0.39375
96.475	0.175	1	66	101	72.35625	0.13125
96.508333	0.483333	1	56	74	72.38125	0.3625
96.683333	0.166667	1	68	101	72.5125	0.125
96.858333	0.175	1	68	103	72.64375	0.13125
97	0.525	1	74	77	72.75	0.39375
97.033333	0.525	1	40	72	72.775	0.39375
97.475	0.483333	1	71	68	73.10625	0.3625
97.491667	0.5	1	52	70	73.11875	0.375
97.5	0.508333	1	56	74	73.125	0.38125
97.508333	0.525	1	50	68	73.13125	0.39375
97.975	0.525	1	45	77	73.48125	0.39375
98.158333	0.15	1	57	96	73.61875	0.1125
98.308333	0.191667	1	61	99	73.73125	0.14375
98.466667	0.15	1	62	103	73.85	0.1125
98.475	0.508333	1	49	69	73.85625	0.38125
98.475	0.491667	1	52	69	73.85625	0.36875
98.5	0.475	1	57	67	73.875	0.35625
98.7	0.166667	1	63	102	74.025	0.125
98.858333	0.166667	1	64	100	74.14375	0.125
98.966667	0.525	1	45	77	74.225	0.39375
98.975	0.516667	1	73	77	74.23125	0.3875
99.475	0.516667	1	52	69	74.60625	0.3875
99.483333	0.5	1	49	74	74.6125	0.375
99.5	0.508333	1	57	67	74.625	0.38125
99.516667	0.491667	1	69	73	74.6375	0.36875
99.983333	0.483333	1	64	72	74.9875	0.3625
100.033333	0.5	1	61	77	75.025	0.375
100.166667	0.15	1	45	96	75.125	0.1125
100.325	0.183333	1	49	97	75.24375	0.1375
100.483333	0.508333	1	69	68	75.3625	0.38125
100.525	0.183333	1	50	104	75.39375	0.1375
100.65	0.141667	1	51	96	75.4875	0.10625
100.808333	0.166667	1	52	96	75.60625	0.125
100.966667	0.483333	1	61	75	75.725	0.3625
100.975	0.508333	1	57	71	75.73125	0.38125
100.991667	0.5	1	64	74	75.74375	0.375
101.5	0.508333	1	73	70	76.125	0.38125
101.525	0.516667	1	52	72	76.14375	0.3875
101.983333	0.483333	1	64	77	76.4875	0.3625
102.025	0.508333	1	61	77	76.51875	0.38125
102.141667	0.175	1	45	101	76.60625	0.13125
102.358333	0.15	1	49	96	76.76875	0.1125
102.483333	0.525	1	69	73	76.8625	0.39375
102.525	0.166667	1	50	100	76.89375	0.125
102.641667	0.141667	1	51	97	76.98125	0.10625
102.808333	0.15	1	52	99	77.10625	0.1125
102.975	0.491667	1	57	76	77.23125	0.36875
102.975	0.491667	1	64	69	77.23125	0.36875
103.033333	0.516667	1	61	72	77.275	0.3875
103.5	0.516667	1	52	67	77.625	0.3875
103.525	0.508333	1	73	67	77.64375	0.38125
103.991667	0.525	1	49	74	77.99375	0.39375
104.033333	0.483333	1	52	72	78.025	0.3625
104.183333	0.191667	1	33	87	78.1375	0.14375
104.35	0.191667	1	37	85	78.2625	0.14375
104.5	0.15	1	38	84	78.375	0.1125
104.525	0.475	1	57	86	78.39375	0.35625
104.658333	0.15	1	39	86	78.49375	0.1125
104.808333	0.166667	1	40	92	78.60625	0.125
105	0.491667	1	45	73	78.75	0.36875
105.025	0.5	1	52	71	78.76875	0.375
105.033333	0.5	1	49	70	78.775	0.375
105.466667	0.525	1	61	66	79.1	0.39375
105.483333	0.483333	1	40	68	79.1125	0.3625
105.975	0.483333	1	52	73	79.48125	0.3625
105.983333	0.475	1	49	78	79.4875	0.35625
106.166667	0.191667	1	33	94	79.625	0.14375
106.3	0.175	1	37	93	79.725	0.13125
106.516667	0.183333	1	38	90	79.8875	0.1375
106.516667	0.475	1	57	93	79.8875	0.35625
106.7	0.15	1	39	90	80.025	0.1125
106.841667	0.141667	1	40	92	80.13125	0.10625
106.991667	0.508333	1	45	73	80.24375	0.38125
107	0.5	1	52	70	80.25	0.375
107.033333	0.491667	1	49	71	80.275	0.36875
107.491667	0.491667	1	40	72	80.61875	0.36875
107.508333	0.491667	1	61	67	80.63125	0.36875
108.008333	0.5	1	41	72	81.00625	0.375
108.183333	0.15	1	56	87	81.1375	0.1125
108.358333	0.158333	1	61	92	81.26875	0.11875
108.466667	0.191667	1	59	93	81.35	0.14375
108.483333	0.516667	1	44	70	81.3625	0.3875
108.491667	0.508333	1	49	66	81.36875	0.38125
108.508333	0.5	1	47	73	81.38125	0.375
108.675	0.166667	1	62	93	81.50625	0.125
108.858333	0.158333	1	61	91	81.64375	0.11875
108.991667	0.5	1	41	71	81.74375	0.375
109.15	0.166667	1	56	96	81.8625	0.125
109.325	0.166667	1	61	93	81.99375	0.125
109.491667	0.158333	1	59	98	82.11875	0.11875
109.516667	0.5	1	49	71	82.1375	0.375
109.525	0.516667	1	44	72	82.14375	0.3875
109.525	0.516667	1	47	71	82.14375	0.3875
109.683333	0.15	1	62	91	82.2625	0.1125
109.8	0.158333	1	61	96	82.35	0.11875
109.983333	0.483333	1	42	77	82.4875	0.3625
110.15	0.141667	1	54	98	82.6125	0.10625
110.325	0.15	1	61	97	82.74375	0.1125
110.475	0.475	1	45	70	82.85625	0.35625
110.491667	0.525	1	49	71	82.86875	0.39375
110.508333	0.141667	1	57	93	82.88125	0.10625
110.691667	0.141667	1	62	97	83.01875	0.10625
110.808333	0.15	1	61	91	83.10625	0.1125
110.975	0.508333	1	42	74	83.23125	0.38125
111.158333	0.158333	1	54	97	83.36875	0.11875
111.35	0.191667	1	61	91	83.5125	0.14375
111.5	0.175	1	57	95	83.625	0.13125
111.508333	0.525	1	49	66	83.63125	0.39375
111.525	0.483333	1	45	70	83.64375	0.3625
111.641667	0.166667	1	62	96	83.73125	0.125
111.85	0.15	1	61	96	83.8875	0.1125
111.975	0.483333	1	41	103	83.98125	0.3625
112.191667	0.191667	1	56	95	84.14375	0.14375
112.333333	0.183333	1	61	91	84.25	0.1375
112.466667	0.475	1	49	66	84.35	0.35625
112.475	0.516667	1	47	74	84.35625	0.3875
112.508333	0.175	1	59	95	84.38125	0.13125
112.525	0.5	1	44	66	84.39375	0.375
112.658333	0.166667	1	62	94	84.49375	0.125
112.858333	0.183333	1	61	90	84.64375	0.1375
112.975	0.525	1	41	100	84.73125	0.39375
113.166667	0.183333	1	56	90	84.875	0.1375
113.308333	0.158333	1	61	91	84.98125	0.11875
113.483333	0.175	1	59	90	85.1125	0.13125
113.508333	0.475	1	49	71	85.13125	0.35625
113.508333	0.491667	1	47	69	85.13125	0.36875
113.533333	0.483333	1	44	74	85.15	0.3625
113.691667	0.166667	1	62	95	85.26875	0.125
113.866667	0.158333	1	61	91	85.4	0.11875
113.975	0.516667	1	42	74	85.48125	0.3875
114.183333	0.175	1	54	95	85.6375	0.13125
114.3	0.166667	1	61	90	85.725	0.125
114.508333	0.516667	1	49	69	85.88125	0.3875
114.516667	0.158333	1	57	94	85.8875	0.11875
114.533333	0.483333	1	45	69	85.9	0.3625
114.7	0.15	1	62	97	86.025	0.1125
114.858333	0.183333	1	61	90	86.14375	0.1375
115.016667	0.508333	1	42	93	86.2625	0.38125
115.191667	0.141667	1	54	95	86.39375	0.10625
115.333333	0.191667	1	61	89	86.5	0.14375
115.483333	0.175	1	57	96	86.6125	0.13125
115.508333	0.45	1	45	70	86.63125	0.3375
115.533333	0.475	1	49	66	86.65	0.35625
115.666667	0.191667	1	62	91	86.75	0.14375
115.858333	0.191667	1	61	97	86.89375	0.14375
115.966667	0.483333	1	45	72	86.975	0.3625
115.991667	0.166667	1	54	103	86.99375	0.125
116.025	0.491667	1	47	79	87.01875	0.36875
116.025	0.483333	1	39	71	87.01875	0.3625
116.191667	0.175	1	59	100	87.14375	0.13125
116.316667	0.141667	1	57	98	87.2375	0.10625
116.483333	0.525	1	40	70	87.3625	0.39375
116.491667	0.516667	1	45	71	87.36875	0.3875
116.508333	0.175	1	54	98	87.38125	0.13125
116.525	0.5	1	48	72	87.39375	0.375
116.641667	0.15	1	61	101	87.48125	0.1125
116.808333	0.166667	1	57	98	87.60625	0.125
116.975	0.141667	1	54	100	87.73125	0.10625
117.016667	0.491667	1	47	75	87.7625	0.36875
117.016667	0.441667	1	45	72	87.7625	0.33125
117.025	0.508333	1	39	71	87.76875	0.38125
117.175	0.141667	1	59	100	87.88125	0.10625
117.358333	0.15	1	57	104	88.01875	0.1125
117.466667	0.475	1	45	68	88.1	0.35625
117.491667	0.475	1	48	70	88.11875	0.35625
117.525	0.5	1	40	67	88.14375	0.375
117.533333	0.191667	1	54	99	88.15	0.14375
117.633333	0.15	1	61	100	88.225	0.1125
117.816667	0.175	1	57	96	88.3625	0.13125
117.966667	0.466667	1	45	74	88.475	0.35
117.975	0.483333	1	39	74	88.48125	0.3625
117.991667	0.508333	1	47	76	88.49375	0.38125
118	0.158333	1	54	105	88.5	0.11875
118.175	0.158333	1	59	101	88.63125	0.11875
118.366667	0.183333	1	57	98	88.775	0.1375
118.491667	0.5	1	45	66	88.86875	0.375
118.491667	0.483333	1	40	74	88.86875	0.3625
118.516667	0.525	1	48	73	88.8875	0.39375
118.525	0.183333	1	54	100	88.89375	0.1375
118.641667	0.166667	1	61	98	88.98125	0.125
118.858333	0.191667	1	57	96	89.14375	0.14375
118.983333	0.475	1	47	77	89.2375	0.35625
119.008333	0.491667	1	39	73	89.25625	0.36875
119.008333	0.491667	1	45	73	89.25625	0.36875
119.016667	0.166667	1	54	99	89.2625	0.125
119.175	0.15	1	59	99	89.38125	0.1125
119.333333	0.141667	1	57	104	89.5	0.10625
119.491667	0.191667	1	54	98	89.61875	0.14375
119.516667	0.491667	1	45	72	89.6375	0.36875
119.533333	0.475	1	48	71	89.65	0.35625
119.533333	0.525	1	40	74	89.65	0.39375
119.658333	0.166667	1	61	101	89.74375	0.125
119.85	0.158333	1	57	103	89.8875	0.11875
119.966667	0.475	1	39	72	89.975	0.35625
119.966667	0.183333	1	54	102	89.975	0.1375
120.016667	0.45	1	45	76	90.0125	0.3375
120.025	0.5	1	47	73	90.01875	0.375
120.166667	0.191667	1	59	99	90.125	0.14375
120.316667	0.141667	1	57	96	90.2375	0.10625
120.483333	0.491667	1	45	68	90.3625	0.36875
120.483333	0.191667	1	54	98	90.3625	0.14375
120.491667	0.483333	1	40	73	90.36875	0.3625
120.533333	0.508333	1	48	68	90.4	0.38125
120.65	0.166667	1	61	96	90.4875	0.125
120.866667	0.15	1	57	96	90.65	0.1125
120.966667	0.475	1	39	71	90.725	0.35625
120.983333	0.5	1	45	75	90.7375	0.375
120.991667	0.141667	1	54	103	90.74375	0.10625
121.025	0.491667	1	47	74	90.76875	0.36875
121.166667	0.166667	1	59	100	90.875	0.125
121.341667	0.158333	1	57	99	91.00625	0.11875
121.466667	0.491667	1	48	67	91.1	0.36875
121.516667	0.525	1	45	69	91.1375	0.39375
121.525	0.158333	1	54	97	91.14375	0.11875
121.533333	0.483333	1	40	70	91.15	0.3625
121.658333	0.166667	1	61	98	91.24375	0.125
121.841667	0.166667	1	57	99	91.38125	0.125
122.258333	0.208333	1	57	72	91.69375	0.15625
122.258333	0.241667	1	47	68	91.69375	0.18125
122.275	0.2	1	59	66	91.70625	0.15
122.275	0.225	1	54	69	91.70625	0.16875
122.283333	0.191667	1	39	71	91.7125	0.14375
122.475	0.208333	1	57	69	91.85625	0.15625
122.483333	0.166667	1	59	72	91.8625	0.125
122.483333	0.166667	1	39	68	91.8625	0.125
122.508333	0.258333	1	47	72	91.88125	0.19375
122.508333	0.225	1	54	70	91.88125	0.16875
122.758333	0.241667	1	59	74	92.06875	0.18125
122.775	0.183333	1	39	66	92.08125	0.1375
122.775	0.208333	1	54	68	92.08125	0.15625
122.783333	0.233333	1	57	69	92.0875	0.175
122.783333	0.216667	1	47	72	92.0875	0.1625
122.966667	0.225	1	39	69	92.225	0.16875
122.991667	0.208333	1	54	71	92.24375	0.15625
123.008333	0.216667	1	47	76	92.25625	0.1625
123.008333	0.25	1	59	74	92.25625	0.1875
123.025	0.233333	1	57	73	92.26875	0.175
124.225	0.233333	1	59	69	93.16875	0.175
124.241667	0.241667	1	52	74	93.18125	0.18125
124.25	0.266667	1	56	70	93.1875	0.2
124.258333	0.241667	1	38	72	93.19375	0.18125
124.275	0.208333	1	47	67	93.20625	0.15625
124.466667	0.233333	1	59	68	93.35	0.175
124.491667	0.266667	1	52	66	93.36875	0.2
124.491667	0.2	1	47	68	93.36875	0.15
124.508333	0.241667	1	38	67	93.38125	0.18125
124.525	0.183333	1	56	72	93.39375	0.1375
124.716667	0.191667	1	56	70	93.5375	0.14375
124.758333	0.241667	1	38	73	93.56875	0.18125
124.766667	0.191667	1	59	68	93.575	0.14375
124.775	0.216667	1	52	66	93.58125	0.1625
124.783333	0.233333	1	47	71	93.5875	0.175
124.966667	0.2	1	59	69	93.725	0.15
125	0.241667	1	52	77	93.75	0.18125
125	0.266667	1	56	75	93.75	0.2
125.008333	0.25	1	38	75	93.75625	0.1875
125.033333	0.241667	1	47	77	93.775	0.18125
125.966667	0.483333	1	37	72	94.475	0.3625
125.991667	0.483333	1	49	79	94.49375	0.3625
126.233333	0.241667	1	52	73	94.675	0.18125
126.266667	0.233333	1	57	73	94.7	0.175
126.508333	0.225	1	57	73	94.88125	0.16875
126.533333	0.275	1	52	67	94.9	0.20625
126.75	0.233333	1	49	74	95.0625	0.175
127.033333	0.525	1	47	75	95.275	0.39375
127.216667	0.233333	1	56	73	95.4125	0.175
127.283333	0.208333	1	52	68	95.4625	0.15625
127.475	0.241667	1	56	67	95.60625	0.18125
127.5	0.2	1	52	68	95.625	0.15
127.733333	0.258333	1	47	70	95.8	0.19375
128	0.5	1	46	72	96	0.375
128.216667	0.25	1	49	62	96.1625	0.1875
128.225	0.241667	1	52	62	96.16875	0.18125
128.241667	0.258333	1	54	62	96.18125	0.19375
128.475	0.25	1	52	63	96.35625	0.1875
128.5	0.258333	1	49	57	96.375	0.19375
128.508333	0.25	1	54	56	96.38125	0.1875
128.716667	0.275	1	46	57	96.5375	0.20625
129	0.491667	1	45	65	96.75	0.36875
129.225	0.241667	1	47	60	96.91875	0.18125
129.25	0.241667	1	54	62	96.9375	0.18125
129.266667	0.225	1	50	64	96.95	0.16875
129.475	0.25	1	47	57	97.10625	0.1875
129.5	0.225	1	50	63	97.125	0.16875
129.5	0.25	1	54	59	97.125	0.1875
129.725	0.225	1	45	59	97.29375	0.16875
129.966667	0.241667	1	47	76	97.475	0.18125
129.991667	0.241667	1	52	78	97.49375	0.18125
130.025	0.233333	1	44	73	97.51875	0.175
130.033333	0.175	1	59	79	97.525	0.13125
130.216667	0.225	1	47	61	97.6625	0.16875
130.216667	0.191667	1	59	58	97.6625	0.14375
130.266667	0.191667	1	44	63	97.7	0.14375
130.283333	0.216667	1	52	59	97.7125	0.1625
130.508333	0.191667	1	52	58	97.88125	0.14375
130.525	0.208333	1	59	61	97.89375	0.15625
130.525	0.225	1	47	59	97.89375	0.16875
130.525	0.2	1	44	59	97.89375	0.15
130.733333	0.2	1	44	56	98.05	0.15
130.741667	0.175	1	59	57	98.05625	0.13125
130.75	0.25	1	52	57	98.0625	0.1875
130.758333	0.25	1	47	60	98.06875	0.1875
130.983333	0.241667	1	44	66	98.2375	0.18125
131.016667	0.216667	1	47	65	98.2625	0.1625
131.025	0.2	1	52	61	98.26875	0.15
131.025	0.208333	1	59	67	98.26875	0.15625
131.233333	0.25	1	44	62	98.425	0.1875
131.233333	0.233333	1	52	59	98.425	0.175
131.241667	0.216667	1	47	57	98.43125	0.1625
131.241667	0.191667	1	59	63	98.43125	0.14375
131.475	0.216667	1	52	55	98.60625	0.1625
131.491667	0.225	1	44	61	98.61875	0.16875
131.508333	0.266667	1	50	56	98.63125	0.2
131.525	0.225	1	60	56	98.64375	0.16875
131.775	0.241667	1	44	59	98.83125	0.18125
131.775	0.225	1	60	63	98.83125	0.16875
131.775	0.216667	1	52	56	98.83125	0.1625
131.783333	0.25	1	50	61	98.8375	0.1875
132	0.208333	1	52	61	99	0.15625
132	0.25	1	45	60	99	0.1875
132.016667	0.225	1	61	64	99.0125	0.16875
132.025	0.2	1	49	60	99.01875	0.15
132.216667	0.175	1	52	63	99.1625	0.13125
132.233333	0.191667	1	49	57	99.175	0.14375
132.258333	0.2	1	45	56	99.19375	0.15
132.275	0.233333	1	61	61	99.20625	0.175
132.475	0.241667	1	52	58	99.35625	0.18125
132.483333	0.258333	1	37	58	99.3625	0.19375
132.5	0.216667	1	57	55	99.375	0.1625
132.508333	0.241667	1	49	59	99.38125	0.18125
132.725	0.233333	1	57	55	99.54375	0.175
132.75	0.225	1	52	61	99.5625	0.16875
132.766667	0.225	1	37	58	99.575	0.16875
132.775	0.233333	1	49	61	99.58125	0.175
132.983333	0.225	1	52	60	99.7375	0.16875
133	0.225	1	56	65	99.75	0.16875
133	0.25	1	40	62	99.75	0.1875
133.008333	0.208333	1	47	64	99.75625	0.15625
133.225	0.225	1	47	59	99.91875	0.16875
133.225	0.233333	1	52	59	99.91875	0.175
133.233333	0.2	1	56	58	99.925	0.15
133.258333	0.2	1	40	56	99.94375	0.15
133.466667	0.233333	1	59	55	100.1	0.175
133.491667	0.233333	1	50	55	100.11875	0.175
133.5	0.266667	1	52	54	100.125	0.2
133.533333	0.216667	1	28	60	100.15	0.1625
133.758333	0.25	1	28	55	100.31875	0.1875
133.766667	0.25	1	59	56	100.325	0.1875
133.766667	0.275	1	50	54	100.325	0.20625
133.783333	0.241667	1	52	62	100.3375	0.18125
134.033333	0.516667	1	33	74	100.525	0.3875
134.191667	0.141667	1	57	88	100.64375	0.10625
134.35	0.175	1	61	91	100.7625	0.13125
134.491667	0.516667	1	49	90	100.86875	0.3875
134.491667	0.491667	1	57	92	100.86875	0.36875
134.508333	0.475	1	52	90	100.88125	0.35625
134.525	0.158333	1	62	85	100.89375	0.11875
134.666667	0.183333	1	63	87	101	0.1375
134.866667	0.183333	1	64	88	101.15	0.1375
134.983333	0.525	1	73	75	101.2375	0.39375
135.008333	0.491667	1	45	76	101.25625	0.36875
135.466667	0.5	1	57	70	101.6	0.375
135.475	0.525	1	69	71	101.60625	0.39375
135.5	0.525	1	52	74	101.625	0.39375
135.516667	0.525	1	49	68	101.6375	0.39375
136.008333	0.483333	1	45	96	102.00625	0.3625
136.15	0.191667	1	57	89	102.1125	0.14375
136.35	0.141667	1	62	92	102.2625	0.10625
136.491667	0.508333	1	50	96	102.36875	0.38125
136.5	0.516667	1	57	90	102.375	0.3875
136.525	0.508333	1	54	88	102.39375	0.38125
136.525	0.166667	1	66	94	102.39375	0.125
136.675	0.175	1	67	94	102.50625	0.13125
136.833333	0.183333	1	68	87	102.625	0.1375
136.966667	0.475	1	71	71	102.725	0.35625
136.975	0.475	1	38	70	102.73125	0.35625
137.516667	0.491667	1	50	69	103.1375	0.36875
137.525	0.475	1	57	70	103.14375	0.35625
137.533333	0.508333	1	69	72	103.15	0.38125
137.533333	0.483333	1	54	68	103.15	0.3625
137.975	0.5	1	45	71	103.48125	0.375
138.141667	0.175	1	57	101	103.60625	0.13125
138.358333	0.183333	1	61	102	103.76875	0.1375
138.466667	0.483333	1	57	71	103.85	0.3625
138.483333	0.5	1	52	70	103.8625	0.375
138.508333	0.516667	1	49	70	103.88125	0.3875
138.525	0.191667	1	62	96	103.89375	0.14375
138.675	0.191667	1	63	102	104.00625	0.14375
138.833333	0.183333	1	64	101	104.125	0.1375
139	0.475	1	45	76	104.25	0.35625
139.008333	0.525	1	71	73	104.25625	0.39375
139.466667	0.516667	1	69	66	104.6	0.3875
139.466667	0.516667	1	49	67	104.6	0.3875
139.491667	0.491667	1	52	74	104.61875	0.36875
139.525	0.475	1	57	66	104.64375	0.35625
139.991667	0.491667	1	40	79	104.99375	0.36875
140.158333	0.175	1	59	97	105.11875	0.13125
140.325	0.183333	1	62	97	105.24375	0.1375
140.466667	0.175	1	63	104	105.35	0.13125
140.491667	0.508333	1	50	73	105.36875	0.38125
140.533333	0.5	1	56	67	105.4	0.375
140.533333	0.5	1	52	70	105.4	0.375
140.675	0.183333	1	64	104	105.50625	0.1375
140.8	0.191667	1	68	97	105.6	0.14375
140.975	0.508333	1	40	76	105.73125	0.38125
140.983333	0.483333	1	74	69	105.7375	0.3625
141.483333	0.491667	1	50	67	106.1125	0.36875
141.5	0.508333	1	71	68	106.125	0.38125
141.508333	0.508333	1	56	66	106.13125	0.38125
141.525	0.516667	1	52	67	106.14375	0.3875
142.033333	0.508333	1	45	78	106.525	0.38125
142.183333	0.166667	1	57	97	106.6375	0.125
142.358333	0.15	1	61	100	106.76875	0.1125
142.5	0.483333	1	52	66	106.875	0.3625
142.5	0.5	1	49	67	106.875	0.375
142.508333	0.141667	1	62	98	106.88125	0.10625
142.508333	0.491667	1	57	67	106.88125	0.36875
142.641667	0.191667	1	63	99	106.98125	0.14375
142.866667	0.158333	1	64	101	107.15	0.11875
142.975	0.516667	1	73	72	107.23125	0.3875
143.016667	0.508333	1	45	70	107.2625	0.38125
143.483333	0.483333	1	57	70	107.6125	0.3625
143.5	0.525	1	69	74	107.625	0.39375
143.508333	0.5	1	49	69	107.63125	0.375
143.525	0.508333	1	52	71	107.64375	0.38125
144.033333	0.5	1	38	74	108.025	0.375
144.166667	0.183333	1	57	98	108.125	0.1375
144.333333	0.191667	1	62	101	108.25	0.14375
144.475	0.516667	1	50	71	108.35625	0.3875
144.483333	0.175	1	66	104	108.3625	0.13125
144.5	0.5	1	57	66	108.375	0.375
144.508333	0.491667	1	54	71	108.38125	0.36875
144.658333	0.166667	1	67	100	108.49375	0.125
144.825	0.183333	1	68	99	108.61875	0.1375
144.966667	0.5	1	71	72	108.725	0.375
145	0.525	1	38	71	108.75	0.39375
145.466667	0.525	1	69	66	109.1	0.39375
145.475	0.508333	1	54	66	109.10625	0.38125
145.483333	0.483333	1	50	68	109.1125	0.3625
145.491667	0.483333	1	57	67	109.11875	0.3625
145.966667	0.516667	1	45	72	109.475	0.3875
146.15	0.191667	1	57	102	109.6125	0.14375
146.325	0.15	1	61	99	109.74375	0.1125
146.466667	0.525	1	49	70	109.85	0.39375
146.491667	0.475	1	52	67	109.86875	0.35625
146.516667	0.508333	1	57	68	109.8875	0.38125
146.533333	0.141667	1	62	102	109.9	0.10625
146.675	0.158333	1	63	100	110.00625	0.11875
146.833333	0.183333	1	64	103	110.125	0.1375
146.991667	0.5	1	45	75	110.24375	0.375
147.025	0.475	1	71	73	110.26875	0.35625
147.5	0.516667	1	69	73	110.625	0.3875
147.5	0.483333	1	49	73	110.625	0.3625
147.5	0.483333	1	57	66	110.625	0.3625
147.508333	0.5	1	52	71	110.63125	0.375
148	0.475	1	40	75	111	0.35625
148.141667	0.183333	1	59	102	111.10625	0.1375
148.341667	0.183333	1	62	96	111.25625	0.1375
148.466667	0.475	1	52	70	111.35	0.35625
148.483333	0.508333	1	56	66	111.3625	0.38125
148.508333	0.166667	1	63	97	111.38125	0.125
148.508333	0.525	1	50	68	111.38125	0.39375
148.675	0.141667	1	64	97	111.50625	0.10625
148.858333	0.141667	1	68	98	111.64375	0.10625
148.975	0.5	1	74	73	111.73125	0.375
149.016667	0.491667	1	40	70	111.7625	0.36875
149.466667	0.5	1	52	74	112.1	0.375
149.475	0.508333	1	71	74	112.10625	0.38125
149.5	0.516667	1	50	66	112.125	0.3875
149.525	0.475	1	56	74	112.14375	0.35625
150.016667	0.491667	1	45	71	112.5125	0.36875
150.141667	0.158333	1	57	101	112.60625	0.11875
150.366667	0.166667	1	61	104	112.775	0.125
150.466667	0.483333	1	49	71	112.85	0.3625
150.5	0.475	1	57	69	112.875	0.35625
150.525	0.166667	1	62	97	112.89375	0.125
150.533333	0.5	1	52	66	112.9	0.375
150.658333	0.15	1	63	104	112.99375	0.1125
150.808333	0.175	1	64	97	113.10625	0.13125
150.991667	0.525	1	45	71	113.24375	0.39375
151.016667	0.516667	1	73	73	113.2625	0.3875
151.466667	0.5	1	52	73	113.6	0.375
151.508333	0.525	1	69	74	113.63125	0.39375
151.533333	0.508333	1	49	73	113.65	0.38125
151.533333	0.475	1	57	69	113.65	0.35625
151.975	1	1	64	99	113.98125	0.75
151.975	0.975	1	61	96	113.98125	0.73125
152.15	0.158333	1	45	90	114.1125	0.11875
152.341667	0.175	1	49	90	114.25625	0.13125
152.525	1.008333	1	69	88	114.39375	0.75625
152.533333	0.141667	1	50	84	114.4	0.10625
152.65	0.15	1	51	86	114.4875	0.1125
152.8	0.158333	1	52	79	114.6	0.11875
152.991667	0.483333	1	57	84	114.74375	0.3625
153.008333	0.95	1	64	85	114.75625	0.7125
153.025	0.966667	1	61	82	114.76875	0.725
153.533333	0.483333	1	73	78	115.15	0.3625
153.533333	0.525	1	52	82	115.15	0.39375
153.966667	1	1	64	87	115.475	0.75
154	0.983333	1	61	87	115.5	0.7375
154.191667	0.166667	1	45	75	115.64375	0.125
154.308333	0.191667	1	49	74	115.73125	0.14375
154.466667	1.025	1	69	77	115.85	0.76875
154.533333	0.141667	1	50	71	115.9	0.10625
154.675	0.183333	1	51	75	116.00625	0.1375
154.866667	0.166667	1	52	76	116.15	0.125
154.983333	0.491667	1	57	79	116.2375	0.36875
154.991667	0.95	1	61	76	116.24375	0.7125
155	1.025	1	64	73	116.25	0.76875
155.475	0.475	1	73	66	116.60625	0.35625
155.533333	0.441667	1	52	67	116.65	0.33125
155.983333	0.941667	1	52	74	116.9875	0.70625
156.025	0.975	1	49	71	117.01875	0.73125
156.158333	0.166667	1	33	66	117.11875	0.125
156.333333	0.191667	1	37	67	117.25	0.14375
156.483333	0.975	1	57	65	117.3625	0.73125
156.508333	0.166667	1	38	60	117.38125	0.125
156.675	0.191667	1	39	64	117.50625	0.14375
156.8	0.141667	1	40	62	117.6	0.10625
156.966667	0.966667	1	52	62	117.725	0.725
157	0.516667	1	45	65	117.75	0.3875
157.008333	0.991667	1	49	68	117.75625	0.74375
157.475	0.483333	1	40	60	118.10625	0.3625
157.483333	0.508333	1	61	60	118.1125	0.38125
158	1.008333	1	52	65	118.5	0.75625
158.025	0.933333	1	49	62	118.51875	0.7
158.091667	0.191667	1	33	60	118.56875	0.14375
158.316667	0.15	1	37	54	118.7375	0.1125
158.466667	0.975	1	57	54	118.85	0.73125
158.516667	0.183333	1	38	55	118.8875	0.1375
158.658333	0.166667	1	39	59	118.99375	0.125
158.833333	0.183333	1	40	58	119.125	0.1375
158.966667	0.933333	1	49	61	119.225	0.7
159.016667	0.991667	1	52	58	119.2625	0.74375
159.025	0.475	1	45	54	119.26875	0.35625
159.466667	0.516667	1	61	50	119.6	0.3875
159.5	0.516667	1	40	50	119.625	0.3875
160.008333	2.016667	1	33	52	120.00625	1.5125
160.05	1.966667	1	40	46	120.0375	1.475
160.091667	1.9	1	49	46	120.06875	1.425
160.116667	1.9	1	45	53	120.0875	1.425
160.175	1.833333	1	52	49	120.13125	1.375
160.241667	1.808333	1	57	51	120.18125	1.35625
